18.3833	-0.628226
25.4446	-0.590374
21.7496	-0.487796
24.48	-0.845413
23.0571	-0.762376
22.8385	-0.57433
24.8825	-0.786731
27.9915	-1.08417
28.767	-0.7607
29.8821	-0.676379
156.857	-0.414913
178.207	-0.365793
219.369	-0.307058
211.429	-0.642823
210.678	-0.763592
285.453	-0.710226
360.805	-0.849645
523.519	-0.889075
700.071	-0.958363
696.288	-1.19961
685.055	-1.28872
562.774	-1.2647
372.846	-1.21805
251.025	-0.836115
258.711	-0.228018
292.703	0.689714
307.982	1.16806
319.16	1.20582
362.054	1.38724
415.527	1.28685
461.337	0.996755
370.819	0.564436
251.275	0.138237
311.112	-1.23223
530.263	-1.58321
1184.41	-1.12551
1800.34	-0.76336
1911.96	-0.702721
1764.86	-0.861738
1618.48	-0.965954
1206.04	-1.23514
775.677	-1.48242
457.991	-1.48523
243.175	-1.02252
223.874	-0.220071
170.479	-0.110462
187.891	0.117661
161.402	0.0295658
130.259	-0.879843
124.219	-2.16484
179.336	-2.28277
232.172	-2.00506
276.114	-1.75008
307.637	-1.54152
288.775	-1.5304
307.754	-1.3497
361.495	-1.28248
507.979	-1.26676
617.626	-1.10342
714.246	-1.06953
766.137	-1.13588
721.52	-1.31659
606.979	-1.4357
452.905	-1.75235
377.782	-1.74488
301.816	-1.72431
183.219	-1.9361
113.076	-2.04618
73.309	-1.98718
52.4191	-1.87441
64.9097	-1.95216
143.857	-1.83423
271.387	-1.69414
315.144	-1.88542
377.948	-1.74563
381.064	-1.4456
73.3171	-1.78098
45.5437	-1.42624
299.584	-0.381104
443.272	-0.835323
631.034	-0.679799
674.389	-0.562167
681.791	-0.460359
632.401	-0.521495
533.558	-0.641801
477.309	-0.743615
370.736	-1.04057
286.909	-1.44288
226.274	-1.64438
181.526	-1.77138
126.83	-1.89147
96.5278	-2.09571
83.5913	-1.85866
69.8442	-2.00231
77.5467	-1.80878
71.5384	-1.96709
60.8878	-2.09259
61.2586	-1.99485
51.089	-1.95743
49.2817	-1.87719
46.8798	-1.71906
38.6332	-1.66912
39.9235	-1.48928
39.5726	-1.28901
32.8716	-1.28411
32.009	-1.2083
27.7033	-0.888509
28.0127	-0.825976
28.0966	-0.758739
27.6835	-0.985094
26.5566	-0.755959
29.4906	-0.834271
24.9217	-0.814194
22.6614	-0.911532
24.2187	-0.732815
22.5978	-0.762207
22.8216	-0.87376
21.9429	-0.697841
21.6351	-0.7626
23.6902	-0.732399
21.8706	-0.872483
18.6467	-0.56263
18.1078	-0.561058
17.6043	-0.656788
19.5157	-0.602518
18.4797	-0.595684
20.8297	-0.772032
15.4401	-0.796532
17.7291	-0.96458
28.199	-0.68385
213.456	-0.798585
110.237	-1.53082
171.021	-1.3846
234.061	-1.26237
292.598	-1.26502
383.843	-1.35542
482.131	-1.41018
468.83	-1.40488
311.629	-1.46108
112.088	-1.73589
107.767	-1.75673
210.882	-1.6093
428.242	-1.54753
765.28	-1.32326
953.774	-1.16895
995.197	-1.10701
1072.75	-0.979522
1271.3	-0.820263
1181.98	-0.82874
977.616	-0.956576
731.112	-1.23606
370.085	-1.56496
166.214	-1.96685
165.455	-1.86803
162.69	-1.7852
159.806	-1.71097
150.373	-1.77333
145.661	-1.79036
143.689	-1.85451
135.304	-1.80571
135.805	-1.77662
137.828	-1.72924
113.491	-1.94322
285.517	-1.02057
904.692	-0.352625
1021.48	-0.2884
1020.05	-0.306975
904.662	-0.550156
777.617	-0.744618
560.997	-1.11884
427.213	-1.45577
311.548	-1.76969
241.284	-2.0035
221.1	-1.96165
168.924	-2.09093
174.507	-2.0515
190.357	-1.94688
219.245	-1.93748
271.409	-1.85487
297.302	-1.85368
203.631	-1.91604
155.6	-1.69614
538.831	-1.5266
987.307	-1.23377
1210.55	-1.15218
1166.37	-1.25843
1270.09	-1.20232
1315.1	-1.2184
1171.22	-1.2349
930.72	-1.23877
580.501	-1.27248
250.351	-1.3853
137.709	-1.48337
94.7306	-1.66195
137.352	-1.44204
249.923	-1.16734
474.196	-0.692686
695.087	-0.426586
747.833	-0.305116
752.417	-0.188477
741.691	-0.173011
709.595	-0.170477
686.466	-0.157209
662.343	-0.184013
600.936	-0.343736
454.098	-0.687042
287.9	-0.954066
151.273	-1.23029
143.52	-1.04365
220.962	-0.38202
263.589	-0.217689
214.696	-0.211763
225.05	0.0166701
233.955	-0.0534526
241.065	-0.0319723
278.619	-0.138768
212.745	-0.111949
167.608	0.0225516
141.608	-0.482295
174.96	-1.05292
265.621	-0.864133
316.741	-0.474227
302.761	-0.2237
282.273	-0.0760925
232.173	-0.211844
206.993	-0.357497
156.479	-0.54131
141.704	-0.607411
156.947	-0.496369
201.695	-0.241009
314.854	0.0230552
540.05	-0.0513196
719.713	-0.0520818
993.533	-0.248242
1135.32	-0.466208
1221.73	-0.758884
1161.04	-1.02171
1088.57	-1.14457
904.232	-1.34897
733.818	-1.45619
520.98	-1.65319
354.087	-1.72748
267.889	-1.46331
181.468	-1.41872
172.902	-1.49563
236.754	-1.33196
330.309	-1.17989
403.631	-1.12413
516.466	-0.985568
637.183	-0.830506
731.133	-0.715698
744.106	-0.681084
801.409	-0.64966
899.486	-0.533362
929.204	-0.526152
848.425	-0.669592
759.757	-0.809631
631.61	-1.04842
518.473	-1.0923
203.473	-1.28998
97.9206	-0.487753
335.088	-0.405369
158.676	-1.27433
135.797	-1.20158
77.3835	-0.805469
219.448	-1.01356
255.25	-2.06063
121.607	-1.7141
197.922	-1.78256
431.597	-1.74171
425.716	-1.73377
404.293	-1.75412
392.056	-1.74877
365.862	-1.74797
324.138	-1.72377
254.49	-1.82534
234.829	-1.76777
207.311	-1.74595
156.877	-1.81
130.036	-1.93106
103.471	-1.97668
74.5322	-1.80448
39.6189	-1.54076
31.2956	-1.44852
30.8345	-1.46885
25.0749	-1.07012
22.2406	-0.958438
23.7844	-0.964161
22.2314	-0.897015
24.1436	-0.931372
24.4386	-0.912802
25.3903	-0.839135
20.6695	-0.986578
22.6615	-0.815666
21.8	-0.702814
17.7893	-0.82067
22.1634	-0.770736
23.0044	-0.634766
23.4133	-0.709835
21.826	-0.646551
22.8042	-0.6934
22.6883	-0.806544
22.8591	-0.620088
20.0386	-0.584107
32.4778	-0.518899
196.965	-0.651999
230.372	-1.97435
386.291	-1.9
221.069	-2.06385
186.054	-1.94905
508.599	-1.77944
738.547	-1.54961
791.123	-1.44407
772.978	-1.35961
788.209	-1.13953
734.066	-0.943376
565.886	-0.848316
375.98	-1.00221
342.879	-0.568643
380.761	-0.260098
338.441	-0.40029
378.497	-0.517374
397.105	-1.00724
404.316	-1.48744
562.141	-1.49724
606.726	-1.62968
893.064	-1.13021
1157.65	-0.858365
1079.8	-0.922805
724.207	-1.13517
250.977	-1.47954
158.712	-1.56312
164.137	-1.66972
163.03	-1.72528
197.964	-1.67961
412.72	-1.62929
688.812	-1.50783
746.47	-1.53847
579.378	-1.8228
414.472	-1.95314
243.741	-2.11758
201.921	-2.19924
211.142	-2.19436
189.537	-2.26748
177.741	-2.30172
184.276	-2.22843
187.58	-2.19179
186.575	-2.19182
308.27	-1.78312
944.461	-1.58054
1360.89	-1.51344
1414.64	-1.55054
1158.34	-1.63867
811.897	-1.71093
412.771	-1.62843
105.433	-1.31196
80.8121	-1.09106
93.5917	-0.664313
165.092	0.00353119
288.355	-0.135045
151.842	-0.146588
36.0254	-0.985338
33.4403	-1.2027
34.5161	-0.981127
47.0139	-0.566175
398.937	-0.201643
313.481	-1.68833
396.207	-2.03604
332.166	-1.23493
474.652	-1.72891
743.482	-1.96657
828.981	-1.76952
684.308	-1.74658
336.69	-1.80152
92.0907	-2.16328
52.2444	-2.04115
49.5265	-1.66416
42.2925	-1.59354
97.0971	-1.81834
83.0257	-2.02457
176.899	-1.80362
272.163	-1.69504
266.315	-1.6838
267.075	-1.69898
150.225	-1.85698
47.6766	-1.9295
40.3691	-1.87458
36.5531	-1.66106
30.8122	-1.57065
28.7546	-1.148
31.0972	-1.14492
28.5814	-1.13694
28.5075	-0.943066
155.099	-0.486323
614.952	-1.54213
1136.96	-1.48032
1271.07	-1.4039
1581.57	-1.35955
1744.9	-1.31412
1723.99	-1.27003
1470.62	-1.41379
1548.35	-1.37059
1367.5	-1.5204
1110.04	-1.71326
849.654	-1.73234
331.061	-1.89167
84.5347	-2.00276
63.1364	-1.75281
52.1902	-1.62818
49.8129	-1.53811
43.7985	-1.21208
39.4276	-1.12805
37.9617	-1.12745
92.2948	-0.391487
560.986	-0.528801
566.976	-2.08866
663.507	-2.0465
543.596	-2.20458
438.945	-2.36232
494.369	-1.96617
351.398	-1.13908
203.51	-1.11174
137.915	-1.72485
43.9847	-1.79632
36.5071	-1.45311
34.127	-1.27874
24.3212	-1.22493
54.8471	-0.817274
353.692	-0.804873
234.19	-1.35459
507.763	-1.38199
552.657	-1.37026
527.146	-1.42166
519.029	-1.30871
431.086	-1.30078
304.602	-1.35931
188.5	-1.4504
208.696	-0.609255
195.964	-0.466154
245.281	-0.314257
239.267	-0.330142
319.326	-0.321685
300.094	-0.696651
274.566	-1.13946
309.521	-1.52372
408.152	-1.70065
576.539	-1.67709
966.124	-1.00854
747.209	-1.04679
569.415	-1.2956
518.223	-1.22693
289.986	-1.39528
225.772	-1.38555
221.227	-1.54888
365.12	-1.35579
527.557	-1.20633
612.311	-1.15687
633.865	-1.11112
632.242	-1.12215
554.542	-1.22856
427.681	-1.30441
258.012	-1.61871
165.894	-1.27359
170.684	-0.380533
168.103	0.081094
138.967	0.100878
126.692	0.482218
111.788	0.488182
130.546	0.530374
189.772	0.493093
235.365	0.287785
192.341	0.357531
178.802	-0.0310574
92.7683	-0.357396
74.9773	-0.74424
123.71	-1.86104
196.251	-1.73807
214.865	-1.64633
309.791	-1.35842
187.22	-1.31951
320.76	-1.31501
236.631	-1.3729
172.069	-1.45043
237.591	-1.61096
82.0849	-1.98057
90.4838	-2.19581
52.1772	-2.07237
31.8086	-1.41994
28.8009	-1.09105
29.4574	-1.22334
28.7284	-0.839389
26.8869	-0.811547
28.0494	-0.912346
28.6771	-1.2195
28.1174	-0.960124
26.338	-0.87278
33.6327	-1.04343
175.961	-1.48262
84.001	-1.5354
33.6827	-0.965994
47.2055	-1.0522
50.0909	-1.12056
60.4778	-1.31695
40.1497	-1.11753
27.4838	-1.25546
28.6519	-1.11897
72.2887	-1.68763
88.774	-1.72841
111.527	-1.71028
145.656	-1.5556
165.457	-1.46721
185.9	-1.399
192.553	-1.40722
386.512	-0.811047
461.238	-1.16497
782.9	-1.26037
806.226	-1.33218
579.981	-1.541
336.418	-1.68574
256.129	-1.86296
239.622	-1.77193
253.793	-1.68916
262.708	-1.63097
261.858	-1.60422
242.402	-1.61278
324.517	-1.5713
314.608	-1.72189
330.703	-1.65778
323.57	-1.65248
310.432	-1.66143
301.097	-1.57117
241.454	-1.69832
192.193	-1.7326
171.186	-1.70325
240.176	-1.60275
526.752	-1.63216
900.235	-1.48289
1322.52	-1.49031
1566.97	-1.29128
1497.29	-1.23542
1425.01	-1.15792
1047.77	-1.13823
558.173	-1.25967
113.773	-1.66889
50.9322	-1.48329
46.6104	-1.45932
76.9893	-0.806959
120.794	-0.528841
106.269	-0.0047734
253.987	0.0181389
242.141	0.297282
115.825	0.0880558
37.6314	-1.12569
33.7607	-0.910615
35.4543	-0.834588
28.5174	-0.837146
28.6806	-0.791965
62.5558	-0.74099
247.446	-1.45839
422.354	-2.18889
661.134	-1.86308
842.02	-1.53573
947.326	-1.34853
840.623	-1.28868
505.097	-1.45058
171.995	-1.70135
154.34	-1.71794
126.816	-1.88044
109.026	-1.9907
99.2785	-1.84441
64.9516	-1.85219
70.0175	-1.14374
55.2569	-0.511692
82.0978	-0.351405
217.147	-0.0810034
332.642	-0.142596
185.331	-0.416858
160.531	-0.51373
214.017	-1.00952
318.32	-1.94849
489.528	-1.76855
709.47	-1.54299
699.001	-1.50939
618.983	-1.51172
417.154	-1.58889
155.423	-1.82224
57.7862	-1.8712
48.1048	-1.5994
97.1534	-1.34302
191.57	-1.61139
322.151	-1.51822
351.415	-1.46647
391.998	-1.41378
354.469	-1.47114
260.075	-1.62896
151.221	-1.69619
156.457	-1.1157
255.113	-0.140871
161.11	0.237615
128.771	0.0437724
181.908	0.255151
270.597	0.423133
227.184	-0.0898392
97.9891	-0.375541
38.9733	-0.802019
29.9823	-0.936026
28.4363	-1.07661
28.4536	-0.746989
31.7893	-0.776721
170.299	-1.3719
147.758	-1.76579
148.751	-1.79816
346.339	-1.65323
434.145	-1.51111
525.175	-1.51524
533.461	-1.48469
485.584	-1.52009
456.893	-1.61257
434.158	-1.60188
381.29	-1.71838
343.478	-1.70487
237.915	-1.907
148.258	-2.02719
62.0882	-1.99993
46.5045	-1.7467
44.631	-1.46228
32.0449	-1.27486
33.2972	-1.12746
27.3144	-0.986581
28.4343	-1.04564
28.9213	-0.93979
30.7305	-1.07473
30.4666	-0.980801
38.2305	-0.657294
227.954	-0.164981
146.95	0.265291
124.762	0.395488
106.708	0.613817
100.416	0.52624
82.7142	0.303698
76.1409	0.270295
80.5757	0.407013
79.5983	0.395438
103.979	0.43568
93.7296	0.310376
70.0285	0.482319
66.9437	0.543523
73.0517	0.454026
81.2073	0.393703
68.9472	0.31294
45.3315	0.0558459
32.7997	-0.340847
28.0969	-0.625139
21.4169	-0.944961
22.7137	-0.732588
22.1267	-0.686639
20.9342	-0.625196
23.5027	-0.643176
24.5746	-0.73858
24.407	-0.689354
30.7978	-0.751262
26.9687	-0.875061
25.5671	-0.762676
25.7839	-0.716652
24.7585	-0.608173
24.705	-0.779043
23.7611	-0.555868
21.0774	-0.601571
21.4874	-0.65626
33.0051	-0.682343
287.655	-0.847282
135.637	-0.518441
160.063	-0.891488
284.869	-0.438031
330.088	-0.267084
303.966	-0.323066
273.679	-0.878866
218.325	-1.50876
230.095	-1.64539
244.989	-1.61132
228.357	-1.69855
246.133	-1.62478
483.838	-0.926477
912.357	-0.891452
1427.88	-1.08198
1762.62	-1.25228
2071.89	-1.29317
2039.51	-1.38768
1886.22	-1.39533
1452.29	-1.42974
1165.39	-1.5027
1029.34	-1.48282
693.79	-1.59684
267.066	-1.9508
81.5644	-2.00453
56.7504	-1.65006
57.4163	-1.63267
57.122	-1.42836
52.5839	-1.35425
273.724	-1.12621
581.558	-1.28405
787.55	-1.62026
1573.95	-1.30115
2028.65	-1.14526
2169.81	-1.12156
2200.27	-1.16301
2089.76	-1.24459
1629.35	-1.46792
1045.39	-1.6886
329.258	-1.95515
108.212	-1.99825
86.1137	-1.86708
67.2083	-1.3923
62.8526	-1.57968
88.7251	-1.07591
83.1005	-0.748195
43.3043	-0.974408
38.7141	-1.06464
32.0763	-1.11015
34.3554	-1.15274
34.7307	-1.04098
194.253	-1.52742
139.26	-1.82509
328.089	-1.93282
610.107	-1.6959
721.548	-1.76341
665.132	-1.95189
617.304	-1.93726
498.653	-1.85875
342.015	-2.03755
186.637	-1.76845
136.913	-1.01754
148.394	-1.0184
190.865	-1.55665
241.917	-1.93895
411.093	-1.83959
543.417	-1.72503
562.123	-1.79507
512.537	-1.84583
431.783	-1.89167
303.626	-1.88518
212.568	-1.56519
212.709	-0.722696
204.643	-0.491821
198.593	-0.374072
169.395	-0.373392
174.976	-0.341827
129.303	-0.618659
79.5596	-1.94193
111.282	-2.10795
142.359	-2.0933
154.464	-2.06393
170.891	-2.06503
320.539	-1.59643
867.901	-0.980714
1120.99	-0.632307
1170.1	-0.449864
1122.63	-0.281079
926.775	-0.203329
609.701	-0.279184
389.239	-0.450054
206.729	-1.06574
136.411	-1.43184
90.3617	-1.53748
80.1706	-1.47381
77.9302	-1.17854
89.9836	-0.875275
113.845	-0.620521
188.151	-0.100769
191.633	-0.349407
169.001	-0.604287
166.268	-0.781471
176.284	-1.08183
224.309	-1.01729
244.856	-0.971583
243.791	-0.918601
232.982	-0.881519
195.36	-0.913384
169.076	-0.827913
212.016	-0.672866
277.116	-0.392182
356.011	0.18924
339.377	0.234337
160.601	0.208534
51.5179	-0.260225
36.4138	-0.530924
33.6034	-0.99528
27.0745	-0.825266
29.275	-0.797046
30.0813	-0.831118
30.7669	-0.748116
168.764	0.418987
489.891	0.156913
195.438	-1.22789
377.795	-1.74811
656.91	-1.27017
752.29	-1.16931
797.456	-1.1005
771.673	-1.14858
708.605	-1.27524
636.167	-1.37388
483.545	-1.50267
269.658	-1.63029
161.846	-1.0982
96.7894	-1.00979
73.9452	-0.907733
90.285	-0.460346
163.203	-0.132568
172.325	-0.271333
359.927	-1.60545
524.253	-1.66712
687.273	-1.50648
775.047	-1.40197
721.729	-1.50437
642.741	-1.55345
558.788	-1.55167
410.921	-1.56505
180.291	-1.52883
219.088	-0.763463
258.068	0.0466221
190.152	0.298244
142.601	0.0613535
143.763	-0.0158914
161.801	0.221919
119.453	0.229446
53.9548	-0.500627
32.3208	-1.11372
30.2124	-1.03272
29.9118	-1.07196
30.4928	-0.944423
30.5473	-0.840607
27.6013	-0.839267
99.7057	-0.433809
156.237	-0.90599
228.156	-1.37636
118.855	-2.00525
318.168	-1.70911
711.656	-1.2935
875.339	-1.02811
824.571	-0.989459
850.43	-0.699585
813.441	-0.611575
709.935	-0.722081
569.068	-0.998495
402.671	-1.38604
269.182	-1.76408
220.399	-1.8417
181.036	-1.96543
166.564	-2.06365
221.252	-1.87708
332.515	-1.87466
436.914	-1.8508
542.368	-1.8311
797.635	-1.4902
975.504	-1.24415
996.831	-1.13347
874.71	-1.15409
759.294	-1.25703
595.169	-1.38163
322.285	-1.544
163.95	-1.9673
170.642	-1.85367
182.825	-1.80872
182.115	-1.82605
420.096	-1.49293
694.154	-1.1148
786.357	-0.900364
888.397	-0.664849
872.182	-0.537309
753.557	-0.517453
490.11	-0.604017
161.26	-1.58674
144.245	-1.6632
147.785	-1.77056
185.178	-1.32927
339.675	-0.374994
392.699	-0.117582
398.128	-0.0767187
413.671	-0.383381
330.126	-0.996145
167.167	-1.84622
146.495	-1.90968
131.983	-1.83407
100.627	-1.9954
81.4317	-1.99414
48.3782	-1.77417
36.2768	-1.56409
39.6673	-1.33297
33.158	-1.0784
29.9439	-1.03712
75.2685	-0.667557
135.015	-1.34458
160.79	-1.95448
187.168	-1.75962
252.658	-1.71652
323.983	-1.78816
282.63	-1.99029
101.256	-1.79439
98.611	-1.89085
228.201	-1.69591
296.82	-1.89373
222.037	-1.86735
150.857	-1.01708
103.988	-0.531328
33.6296	-1.13097
29.5973	-1.09292
29.1394	-1.11588
31.5577	-1.28797
82.598	-0.441628
338.922	-0.506198
648.876	-1.35257
720.953	-1.38375
762.444	-1.29044
746.342	-1.23866
680.592	-1.3
681.106	-1.29822
665.553	-1.2325
582.499	-1.2998
502.993	-1.33535
410.59	-1.43745
309.565	-1.54671
213.115	-1.62792
113.937	-1.72781
89.5507	-1.61931
79.1174	-1.62713
68.0001	-1.69836
64.3765	-1.80628
59.4599	-1.75647
54.365	-1.62836
53.5589	-1.8743
47.1571	-1.9553
45.9136	-1.81077
47.4662	-1.74319
45.6113	-1.64378
34.2392	-1.54751
65.7291	-1.1658
73.5223	-0.977717
49.63	-0.346611
56.5377	-0.149911
68.3705	0.0462787
71.8239	0.0909879
91.8644	0.0390761
85.9449	0.274936
72.8941	-0.0978279
66.9322	-0.136309
81.3532	0.0514948
70.1869	0.155938
62.3856	0.25993
58.6854	0.0597418
55.3639	-0.198145
42.2788	-0.460036
42.1668	-0.570056
32.5958	-0.702136
27.7358	-0.840378
29.4151	-0.751268
27.2993	-0.790907
26.385	-0.800227
23.3204	-0.900023
25.6274	-0.797348
24.0438	-0.74309
24.4565	-0.715548
26.7797	-0.734632
24.2512	-0.677724
22.9753	-0.696412
23.2561	-0.580438
145.553	0.227779
207.265	0.0989977
267.766	-0.418495
420.535	-0.14205
517.845	-0.201859
534.35	-0.533368
347.465	-1.1316
141.389	-1.65764
103.04	-1.71076
113.104	-1.76692
204.981	-1.86314
599.952	-1.73622
1039.62	-1.44947
1337.62	-1.39198
1230.06	-1.57218
1159.04	-1.52734
970.218	-1.43302
551.045	-1.60456
275.423	-1.70872
166.858	-1.46816
277.353	-0.852538
323.217	-0.212723
242.893	-0.0580117
271.955	0.0914738
270.13	-0.0437335
306.919	-0.155709
244.364	-0.0212907
232.016	-0.137173
196.923	-0.252037
179.292	-0.168279
110.691	-0.398082
256.447	-1.20654
422.826	-1.05634
584.624	-0.791558
660.639	-0.840174
636.502	-0.954147
532.52	-1.06389
322.977	-1.32728
173.839	-1.4703
108.888	-1.75556
59.4614	-1.85287
46.3417	-1.7063
44.7014	-1.72944
41.922	-1.65436
45.6884	-1.50581
65.3385	-1.50645
173.683	-1.39438
255.048	-1.35818
268.05	-1.35653
292.707	-1.43466
356.909	-1.34151
343.3	-1.57463
288.016	-1.82598
103.806	-1.8861
159.09	-1.32337
563.407	-1.27604
938.073	-1.14153
953.166	-1.33006
864.139	-1.39806
968.716	-1.10425
1040.95	-0.982462
1035.53	-0.972343
990.609	-0.961758
853.831	-1.03622
640.397	-1.24717
274.487	-1.5673
133.77	-1.56421
130.539	-1.50803
137.38	-1.51925
132.188	-1.55727
120.37	-1.49736
133.986	-1.51745
379.886	-1.2929
621.543	-1.09256
912.223	-0.900102
1014.4	-0.857376
1120.83	-0.836193
1166.85	-0.860208
1213.96	-0.779252
1192.95	-0.783558
1204.94	-0.765103
1043.47	-0.722038
702.709	-0.70643
342.509	-0.7934
178.998	-1.4903
134.566	-1.75888
148.829	-1.86733
121.883	-2.07876
107.003	-2.29278
108.726	-2.02714
126.915	-2.01784
115.589	-2.11415
106.91	-2.12737
106.757	-2.00133
86.4874	-2.18516
71.8544	-2.15927
68.4251	-1.67069
166.979	-0.856612
74.1634	-1.0958
87.1426	-0.64882
106.412	-0.546532
134.393	-0.496173
160.542	-0.442979
191.32	-0.312771
187.409	-0.441129
236.933	-0.352451
238.284	-0.236872
259.684	-0.196318
292.315	-0.0841205
319.081	-0.014596
375.675	-0.0230653
475.986	-0.0806799
412.981	-0.206958
434.534	-0.343354
454.399	-0.442875
544.411	-0.6498
564.879	-0.909019
550.402	-1.12692
557.604	-1.26857
551.391	-1.3303
593.731	-1.25589
558.454	-1.29128
508.116	-1.35137
485.841	-1.35065
428.109	-1.34189
405.283	-1.26555
370.275	-1.13474
289.493	-1.11784
207.046	-1.00707
129.846	-0.943678
74.3458	-1.37136
57.0791	-1.79968
57.7407	-1.86298
59.1479	-1.80796
54.7194	-1.82677
52.1618	-2.03648
50.7021	-1.81036
50.0178	-1.88402
46.2488	-1.84692
39.4176	-2.03026
44.5276	-1.90435
41.5976	-1.8149
37.0909	-1.60886
34.8722	-1.33654
69.9768	-0.675261
84.9198	-0.40214
66.3252	0.213051
66.5333	0.564916
82.0119	0.684958
86.0166	0.678135
96.4083	0.543507
105.518	0.573476
106.51	0.604413
113.7	0.668855
137.23	0.872969
104.736	0.683945
85.2825	0.668966
114.058	0.876847
97.1425	0.729345
96.2999	0.067601
72.025	0.0194367
46.9551	-0.150778
42.8208	-0.342897
31.6124	-0.536711
25.4	-0.659694
1014.77	-0.275205
1193.07	-0.320869
1029.98	-0.439729
633.097	-0.661282
220.112	-1.38182
192.366	-1.57995
145.793	-1.6614
116.363	-1.78867
85.8508	-1.78746
60.2229	-1.38452
44.1362	-0.840275
109.29	-0.408997
240.129	-0.795867
263.364	-1.32088
603.771	-1.33665
541.783	-1.13288
196.294	-0.283041
255.637	-0.418004
847.655	-1.32597
976.777	-1.29968
867.525	-1.51027
636.788	-1.676
378.896	-1.87272
264.921	-1.58785
211.496	-1.47654
190.116	-1.10866
255.539	-0.489786
253.5	-0.0313768
174.785	-0.0891583
91.694	0.0957761
36.0208	-0.706968
26.5359	-0.936119
23.5507	-0.957098
26.6588	-0.887911
27.2309	-0.781811
26.0368	-0.873122
27.1295	-0.777377
150.544	0.224699
288.369	-0.522815
414.799	-1.75432
1071.35	-1.27506
1514.48	-0.929942
1579.59	-0.849708
1679.83	-0.775016
1661.72	-0.784221
1646.02	-0.83663
1586.62	-0.899494
1435.33	-0.963767
1351.18	-0.994182
1284.74	-1.01255
1077.06	-1.10162
775.422	-1.24964
458.4	-1.43205
167.934	-1.71716
146.85	-1.69999
129.076	-1.9043
113.833	-2.03297
110.381	-1.87387
88.6629	-2.10767
76.3006	-1.90916
89.6614	-1.44031
53.4347	-1.37591
46.0373	-1.60143
44.4535	-1.17994
46.4258	-0.710252
58.7246	-0.569311
61.7886	-0.436525
62.6011	-0.361361
98.2164	-0.160636
121.376	-0.220729
117.585	-0.84933
224.222	-2.0409
387.517	-2.14258
795.888	-1.74301
1089.92	-1.48091
1173.04	-1.43057
984.819	-1.66313
467.556	-1.53015
123.949	-1.39195
714.781	-1.54343
687.593	-1.51694
167.45	-1.54973
347.636	-1.64254
808.901	-1.54618
797.165	-1.51585
837.111	-1.48661
1128.87	-1.36535
1599.74	-1.23965
1881.98	-1.16595
1708.09	-1.25095
1742.85	-1.17328
1688.8	-1.16032
1778.29	-1.07618
1908.01	-1.02307
1741	-1.04532
1642.24	-1.00222
1556.29	-0.879188
1224.37	-0.923902
954.598	-0.840205
307.836	-0.794909
185.277	-1.07002
592.38	-0.531918
668.548	-0.399274
573.504	-0.31232
514.122	-0.203856
486.337	-0.17714
372.597	-0.206403
322.948	-0.288221
308.962	-0.288248
242.046	-0.478202
198.291	-0.506218
186.357	-0.55396
163.201	-0.712369
87.6075	-1.19545
71.8153	-1.40987
51.9338	-1.68585
45.4277	-1.52596
38.0631	-1.47508
37.5823	-1.50396
31.9863	-1.29814
29.1935	-1.12408
30.3297	-1.13167
26.7708	-1.05794
24.7075	-0.891487
25.3783	-1.0615
26.6907	-0.869366
24.9978	-0.950035
22.3912	-0.996078
22.5862	-0.952277
24.722	-0.644079
22.8167	-0.698022
22.702	-0.955361
21.0113	-0.961804
23.1042	-0.79783
221.809	-0.320147
272.966	-1.12646
694.809	-1.67674
1001.19	-1.43985
1179.81	-1.33925
1118.92	-1.34125
987.599	-1.36797
817.994	-1.39636
414.666	-1.70341
191.733	-1.86648
180.126	-1.92901
180.735	-1.8596
170.14	-1.85344
159.756	-1.88715
135.405	-2.01661
128.497	-1.95651
112.989	-2.10207
95.202	-2.15226
79.0027	-2.13224
116.992	-1.67497
600.093	-0.55822
924.655	-0.253898
1055.83	-0.20252
1259.19	-0.253778
1467.97	-0.21465
1723.63	-0.297669
1872.95	-0.475914
1708.17	-0.77459
1490.07	-1.10656
1163.54	-1.40884
570.41	-1.73472
217.049	-2.03546
179.498	-2.02903
172.292	-1.93876
121.491	-1.85677
87.9725	-1.83727
71.627	-1.74122
57.2236	-1.33483
44.1699	-1.08932
43.8725	-1.14786
71.511	-0.772371
207.456	-1.33204
319.52	-1.90365
368.708	-1.76368
329.259	-2.05686
176.412	-2.06368
130.938	-1.82985
401.905	-1.77719
465.719	-1.62696
423.571	-1.55859
351.796	-1.61387
302.779	-1.63288
307.013	-1.65217
335.548	-1.63254
425.324	-1.55869
479.656	-1.55017
505.166	-1.43749
577.426	-1.10761
626.548	-0.828341
617.131	-0.744114
587.294	-0.896955
988.882	-1.11259
1133.99	-1.06399
1232.92	-0.939941
1408.12	-0.808544
1352.49	-0.783116
1397.8	-0.730646
1324.71	-0.734437
1104.58	-0.929588
811.02	-1.21596
365.267	-1.56275
208.385	-1.79507
183.404	-1.96354
209.675	-1.93861
240.946	-1.89908
235.508	-2.05067
252.06	-2.01052
509.179	-1.75296
734.358	-1.73462
859.495	-1.61998
857.834	-1.62668
889.059	-1.56617
906.969	-1.51117
898.971	-1.45667
770.667	-1.51074
633.442	-1.5862
357.332	-1.71168
169.449	-1.81925
135.091	-1.38494
188.884	-0.631391
214.143	-0.0682215
201.352	-0.279753
191.618	-0.303507
171.024	-0.270862
167.957	-0.222624
84.3377	-0.10544
52.4155	-0.597676
33.6121	-1.07606
28.6434	-0.993827
28.1593	-0.950991
42.4928	-1.80146
93.5521	-1.81724
125.903	-1.51859
156.216	-1.38906
326.393	-1.02222
363.986	-1.24357
405.748	-1.27021
375.893	-1.32054
262.201	-1.38877
170.72	-1.59771
174.144	-1.63344
179.807	-1.55081
177.112	-1.61196
177.754	-1.75742
219.699	-1.53113
496.96	-1.16106
715.075	-0.871818
837.054	-0.580644
907.156	-0.407015
835.14	-0.386736
618.174	-0.546057
315.085	-1.0228
184.595	-1.30166
144.284	-1.21392
124.755	-0.829109
88.1368	-0.55108
70.6028	-0.499425
63.556	-0.571018
104.385	-0.389124
153.265	-0.664194
225.311	-1.63111
528.043	-1.9131
797.473	-1.79955
889.748	-1.70395
871.818	-1.66917
739.131	-1.68202
408.203	-1.89676
118.72	-1.96049
49.5975	-2.05706
36.2815	-1.87735
35.5186	-1.45798
35.5018	-1.21015
31.6009	-1.22671
71.3634	-0.443523
160.606	-0.629487
120.511	-1.66835
215.621	-1.58226
295.841	-1.46544
337.642	-1.44167
297.465	-1.46151
132.716	-1.70409
68.0329	-1.99646
121.218	-1.74579
316.423	-1.46591
548.029	-1.25659
812.701	-1.07762
989.539	-0.914667
1015.94	-0.914635
922.643	-0.995017
776.871	-1.10355
562.118	-1.2694
277.023	-1.38229
173.87	-1.24838
165.304	-0.811405
182.024	-0.233022
217.976	-0.0577
236.074	-0.183935
293.591	-0.212873
215.614	-0.511221
171.805	-0.416178
112.417	-0.731529
93.5984	-0.810703
134.446	-1.40462
169.698	-1.26336
180.352	-1.18127
131.877	-1.19005
107.849	-1.23941
144.457	-0.675108
185.098	0.101029
166.295	0.213873
145.733	-0.0939017
123.726	-0.147215
114.705	0.0599591
123.6	0.123454
135.853	0.275446
123.148	0.210787
127.233	0.190183
90.8965	-0.0115168
84.7669	-0.712975
135.891	-0.782465
148.292	-0.703633
121.652	-1.08915
81.7135	-1.75026
70.4542	-2.04464
78.3881	-1.83602
72.4087	-1.8835
68.8382	-1.91165
57.8878	-1.99167
61.7139	-1.84429
48.2146	-1.93212
38.651	-1.73792
34.0175	-1.70551
28.9179	-1.3163
26.2625	-1.13073
110.416	-0.163859
361.941	-0.24405
236.538	-0.347887
299.794	-0.759632
393.635	-0.739449
400.648	-0.815962
389.949	-0.855634
387.996	-0.878527
336.85	-1.02861
316.823	-1.1018
253.372	-1.17573
212.463	-1.26278
202.78	-1.24916
157.253	-1.42587
122.552	-1.58491
95.5101	-1.54827
95.2676	-1.35719
71.4174	-1.41483
55.2973	-1.30187
47.1361	-1.2932
39.8943	-1.05017
32.2196	-0.853719
23.3882	-0.817816
23.851	-0.712641
22.9007	-0.667967
21.5285	-0.669723
21.1077	-0.807026
21.057	-0.815795
21.2202	-0.553779
21.1004	-0.569115
21.5087	-0.738384
18.6242	-0.595353
149.202	-0.230337
236.317	-0.121139
229.024	-0.148859
309.079	-0.190227
315.853	-0.113601
227.454	-0.239277
130.478	-0.619002
209.681	-1.95745
349.353	-2.31311
613.427	-2.08257
930.732	-1.79412
1356.35	-1.46947
1603.68	-1.26326
1522.44	-1.28802
1272	-1.42239
1028.48	-1.57433
812.24	-1.64258
651.483	-1.64614
454.157	-1.61032
377.946	-1.55649
365.636	-1.55556
350.878	-1.48614
319.803	-1.41624
194.302	-2.00826
179.071	-2.00592
183.888	-1.89041
206.902	-1.85411
331.295	-1.58311
871.674	-1.37817
1336.96	-1.31369
1713.75	-1.21594
2125.78	-1.11085
2147.58	-1.07244
2212.01	-0.956816
2016.18	-0.876729
1628.37	-0.794619
1107.03	-0.756887
555.324	-0.800465
264.506	-1.701
213.153	-1.92389
215.543	-1.8967
203.216	-1.85251
216.758	-1.72048
293.223	-0.870293
323.299	-0.434773
352.035	-0.251964
417.088	-0.10683
387.636	0.00323652
407.963	0.00582484
399.108	-0.166153
291.042	-0.65546
156.77	-1.62586
147.677	-1.70031
147.757	-1.74883
144.618	-1.76924
136.772	-1.74471
144.156	-1.75642
136.612	-1.81286
157.83	-1.70159
330.94	-0.561685
353.297	0.107038
376.738	0.0788272
403.486	0.106297
424.504	0.101269
482.563	0.0841787
440.596	0.237305
439.683	0.234718
463.974	0.187009
449.797	0.132998
444.239	-0.0421155
324.077	-0.400076
185.777	-0.708565
73.8924	-1.18348
47.5348	-0.712116
40.5225	-0.47084
41.696	-0.589384
92.6327	-0.302417
77.6394	-0.540496
119.818	-0.100155
183.919	0.309979
259.215	0.223899
231.706	0.358298
337.133	-0.241125
240.787	-0.830176
80.5703	-0.944308
29.1963	-0.723523
30.5867	-0.551676
26.837	-0.813762
24.5121	-0.747775
25.597	-0.828453
40.9667	-1.08324
208.084	-1.03335
149.072	-0.935688
330.494	-1.56608
563.731	-1.57829
828.278	-1.37359
978.794	-1.27938
1065.38	-1.12048
1206.19	-0.869149
1278.9	-0.717618
1241.42	-0.670738
1218.01	-0.588737
1204.18	-0.505449
1192.73	-0.41351
1154.97	-0.326488
1124.48	-0.252934
1071.51	-0.197319
1060.94	-0.165275
1037.28	-0.115472
898.61	-0.236881
719.415	-0.336018
490.809	-0.570202
352.286	-0.541197
340.797	-0.79312
396.027	-0.759729
491.816	-0.879428
821.496	-0.689543
1095.39	-0.682069
1195.69	-0.703665
1268.36	-0.721024
1274.85	-0.702847
1217.49	-0.721641
1056.78	-0.742632
806.899	-0.921478
609.337	-1.04691
407.915	-0.944611
233.975	-1.06387
178.378	-1.11389
203.861	-1.16737
206.701	-1.18283
237.653	-0.884017
219.064	-0.600911
170.052	-0.688826
131.925	-0.63384
95.3348	-0.667888
55.3157	-0.980885
44.4724	-1.37234
46.5294	-1.51762
67.378	-1.25666
102.132	-1.00586
202.619	-0.639047
245.808	-0.389031
258.752	-0.289798
277.12	-0.238505
273.863	-0.16169
269.094	-0.11532
308.935	-0.157742
334.794	-0.264964
289.654	-0.612938
207.898	-0.972051
134.077	-1.37981
87.5737	-1.48142
89.8293	-1.29972
92.5274	-1.28188
97.4896	-1.62287
105.114	-1.88259
121.911	-1.87064
126.655	-1.949
102.535	-2.04797
93.2596	-2.137
94.8751	-2.22618
103.476	-2.16264
110.797	-2.12084
132.314	-1.92808
161.937	-1.86444
166.633	-1.94427
194.655	-1.91957
204.828	-1.83494
184.831	-1.89042
171.394	-1.92162
161.375	-1.97652
156.147	-1.91635
126.682	-2.0212
114.225	-2.04356
86.0446	-2.12732
59.7434	-2.0222
51.1464	-1.8972
47.5125	-1.6526
49.9694	-1.72844
48.7358	-1.82284
39.2618	-1.50288
32.2003	-1.25793
29.3491	-1.07139
24.0103	-1.04621
22.6885	-0.586688
24.0004	-0.751008
22.0811	-0.974093
19.6059	-0.841156
23.8265	-0.587382
19.8702	-0.746587
15.2973	-0.645473
19.6295	-0.765885
42.0261	0.0667856
134.744	0.381454
374.609	-0.833392
656.339	-0.8209
769.385	-0.729401
811.867	-0.717786
854.775	-0.676748
895.371	-0.639893
928.791	-0.569052
869.634	-0.503572
694.003	-0.535697
522.953	-0.657582
481.138	-0.72429
431.621	-0.908968
362.994	-1.01339
325.648	-1.10424
254.541	-1.17909
192.592	-1.23914
150.444	-1.12878
178.985	-0.881022
266.39	-0.780873
396.034	-1.05039
585.393	-1.33603
914.821	-1.39451
1323.47	-1.29117
1484.74	-1.31722
1137.64	-1.64173
726.835	-1.91838
328.424	-2.09661
258.59	-1.99693
211.988	-2.20846
169.299	-2.23904
140.088	-2.23523
113.907	-2.30251
76.3607	-2.20359
48.2363	-1.63688
91.6512	-0.787565
262.347	-0.553246
278.015	-2.03672
341.145	-2.0185
293.268	-1.88283
253.663	-1.78516
430.775	-1.6681
433.967	-1.65023
330.66	-1.71834
259.936	-1.77877
241.746	-1.74027
284.99	-1.73615
356.758	-1.69963
480.706	-1.57285
565.739	-1.37747
644.524	-1.25061
740.183	-1.11127
759.88	-0.853345
720.825	-0.863069
636.572	-0.807754
508.963	-0.857538
512.673	-0.699401
526.608	-0.563559
461.21	-0.611895
265.755	-0.804541
82.5472	-1.57306
44.638	-1.55426
30.8987	-1.23889
34.0554	-1.02121
65.0898	-0.389155
313.35	-0.301586
513.741	-0.962098
986.461	-1.1277
1166.47	-1.19201
1224.68	-1.29872
1199.91	-1.30539
1167.84	-1.16265
1033.8	-1.07935
636.834	-1.16855
356.882	-1.12366
289.201	-1.25791
232.867	-1.48208
211.755	-1.36652
181.311	-1.13489
172.281	-1.1044
164.838	-1.16843
217.389	-1.1552
539.581	-1.07152
972.783	-0.927907
1189.04	-1.03848
1385.34	-1.21733
1340.51	-1.32977
1350.98	-1.36771
1234.98	-1.42196
1183.67	-1.28593
623.297	-1.30542
163.529	-1.57395
407.998	-1.81029
513.454	-1.86083
224.684	-2.01574
99.4022	-2.21768
137.742	-2.13656
158.886	-2.23137
157.609	-2.19411
160.801	-2.12866
213.854	-2.03485
433.399	-1.87998
646.577	-1.59035
790.956	-1.44304
884.756	-1.33297
898.309	-1.29597
774.59	-1.294
589.97	-1.34934
236.994	-1.60002
64.5091	-1.9202
116.503	-0.806828
87.8927	-0.701233
62.5706	-0.804895
53.9256	-0.7997
96.0575	-0.769196
268.358	-1.2244
736.773	-1.0765
566.203	-1.21532
246.517	-1.14409
863.42	-1.34877
1161.78	-1.28679
1411.48	-1.20334
1540.07	-1.15818
1534.5	-1.17128
1497.02	-1.02932
1346	-0.955894
1248.79	-0.805708
1008.85	-0.713957
477.019	-0.853755
124.32	-1.7148
90.9292	-1.81891
70.5931	-1.79643
63.4296	-1.80121
59.5027	-1.5098
41.7908	-1.31734
125.155	-0.543871
169.424	-0.463621
115.063	-0.450321
321.291	-1.15028
551.809	-1.10263
749.243	-1.16084
816.818	-1.18989
820.068	-1.3238
752.713	-1.51631
656.114	-1.72309
479.447	-2.04206
383.446	-2.07287
256.924	-2.00511
100.185	-2.12687
47.0913	-1.69829
34.3478	-1.29656
28.414	-1.35899
29.4985	-1.41005
25.0831	-1.16702
26.2821	-1.14126
176.045	-1.39289
306.024	-1.38752
182.912	-1.87206
569.519	-1.8513
806.025	-1.57689
957.775	-1.39398
1071.14	-1.17463
989.147	-1.06586
744.965	-1.13564
335.207	-1.40059
111.873	-1.64422
84.2374	-1.75882
77.6648	-1.60081
102.069	-1.41337
169.901	-1.0966
292.54	-0.736298
328.571	-0.516192
315.242	-0.434086
249.354	-0.521684
115.494	-0.967416
78.6793	-0.931532
147.882	-0.692294
252.854	-0.432511
346.198	-0.340698
385.651	-0.15823
369.443	-0.185525
330.329	-0.27144
291.232	-0.280425
236.986	-0.506253
197.215	-0.594687
179.295	-0.51787
101.205	-1.02629
98.3021	-0.789602
102.356	-0.423917
96.0168	-0.282407
102.488	0.0319663
88.5514	0.122803
92.3119	0.572596
104.541	0.593875
112.786	0.566755
171.268	-0.537506
188.501	-0.632369
214.794	-0.421684
282.433	-0.197899
344.301	-0.13318
443.467	0.00378565
482.357	0.127648
510.136	0.0563097
495.652	-0.05589
399.882	-0.259962
169.093	-0.67666
52.0037	-1.05381
41.6321	-0.616255
38.4519	-0.800271
26.7735	-0.739775
29.6967	-0.634688
27.7479	-0.698005
24.883	-0.807742
24.7819	-0.690891
63.2577	-0.267915
29.8044	-0.635752
27.9681	-0.798832
26.4888	-0.980249
24.9322	-1.12498
20.5628	-0.726336
24.3106	-0.756324
20.8546	-0.622026
23.6549	-0.960441
42.8478	-1.41183
33.765	-1.23424
25.825	-0.798626
32.1674	-1.10405
68.5438	-1.61668
96.4659	-1.46437
92.6033	-1.49909
98.3035	-1.44144
105.674	-1.19877
93.4438	-1.6234
88.4425	-1.64953
91.2091	-1.69016
97.5502	-1.64224
110.138	-1.46289
184.258	-1.29316
197.008	-1.47982
196.551	-1.5952
219.588	-1.5715
214.223	-1.66511
246.512	-1.53308
303.774	-1.34412
355.53	-1.27172
419.319	-1.24544
504.783	-1.14057
507.331	-1.09368
316.706	-1.24314
198.598	-1.34798
168.571	-1.22782
115.642	-1.31193
101.269	-1.15541
54.1222	-1.39006
208.19	-0.0932595
257.289	-0.401469
384.237	-0.593696
390.945	-0.50778
386.812	-0.356426
376.977	-0.313155
439.75	-0.17817
468.296	-0.0709414
513.006	-0.0750945
642.868	-0.136164
858.503	-0.398317
984.596	-0.678972
1048.42	-0.937713
1017.28	-1.20884
933.723	-1.4411
892.231	-1.49956
840.431	-1.49468
718.126	-1.52275
538.135	-1.59718
293.292	-1.82737
126.983	-2.07967
87.0742	-2.144
67.3039	-2.05252
59.5775	-2.06869
57.1795	-2.00123
49.0363	-2.0866
56.0523	-1.90882
47.5246	-2.01991
106.709	-1.51307
233.3	-0.990272
298.645	-0.630391
277.086	-0.49619
255.88	-0.266738
267.726	-0.328986
294.473	-0.73796
149.201	-1.12537
135.281	-1.12483
148.697	-1.07092
187.338	-0.911661
426.293	-0.739617
777.839	-0.601339
882.043	-0.852455
928.098	-1.07581
841.823	-1.31538
802.511	-1.41207
636.445	-1.56437
378.921	-1.67921
243.111	-1.64795
126.536	-1.45957
78.919	-0.891262
58.3569	-0.701516
49.9158	-0.806186
48.7664	-0.894957
45.3399	-1.00637
47.7879	-0.889752
53.6934	-0.526012
62.3881	-0.570045
105.642	-0.631872
191.682	-0.792002
230.171	-0.847287
347.253	-1.86826
546.05	-1.69344
734.734	-1.35515
756.433	-1.26499
719.971	-1.24486
703.64	-1.20286
659.18	-1.21611
565.845	-1.31946
507.638	-1.3284
452.343	-1.33168
400.642	-1.31832
278.151	-1.33185
121.447	-1.49444
87.2824	-1.54048
82.7221	-1.47723
75.8465	-1.51896
70.2031	-1.47375
52.8446	-1.75898
48.5919	-1.75878
47.5811	-1.7427
48.9316	-1.63735
42.021	-1.6905
36.692	-1.7925
42.2208	-1.67537
36.1823	-1.5829
32.6722	-1.53726
29.3558	-1.21816
27.0708	-1.32043
28.7241	-1.12509
24.6623	-0.914752
26.1064	-0.99185
26.3736	-0.730415
23.3428	-0.765677
22.0926	-0.650131
19.963	-0.630909
22.0646	-0.641662
19.0439	-0.559211
21.3011	-0.554498
30.249	-0.899515
20.261	-0.727629
23.5429	-0.871442
42.8636	-1.11861
530.951	-1.32092
736.416	-1.39638
903.683	-1.36864
994.754	-1.35592
708.284	-1.6005
431.206	-1.92631
310.788	-1.61869
268.806	-1.19797
314.805	-0.489178
205.292	-0.00790933
123.259	-0.201838
72.194	-0.434593
45.2001	-0.846492
32.2875	-0.889921
34.0802	-0.924188
29.1606	-0.763527
47.3381	-0.135565
143.706	0.00918257
196.366	-0.657291
321.436	-1.93332
1078.11	-1.59234
1816.67	-1.29409
1930.82	-1.19093
1753.15	-1.2338
1603.45	-1.19324
1116.92	-1.23867
351.021	-1.50688
88.0903	-2.0232
76.0173	-1.85846
63.7476	-1.64525
48.1682	-1.38607
45.4832	-1.30049
65.3777	-0.449132
376.131	0.0587247
362.58	-1.25469
472.7	-1.43304
364.405	-1.57536
273.451	-1.70275
209.038	-1.79148
166.895	-1.9671
157.048	-2.06247
147.647	-2.07164
157.253	-2.0207
136.147	-2.22398
132.074	-2.18965
108.318	-2.19574
96.1472	-2.11278
80.6504	-2.0756
71.8951	-2.13608
95.7103	-2.04336
295.105	-1.89844
447.02	-1.7189
502.82	-1.76448
625.136	-1.69244
702.208	-1.6435
685.798	-1.64252
689.723	-1.53112
566.392	-1.47152
287.388	-1.57672
149.086	-1.69182
149.114	-1.43193
153.775	-1.41875
195.441	-1.34204
363.862	-1.40669
622.515	-1.3565
764.654	-1.25175
914.016	-1.11497
1003.56	-1.00496
1021.75	-0.975617
1021.93	-0.997166
1072.09	-0.871176
1078.15	-0.815873
1016.63	-0.769425
939.059	-0.675849
824.024	-0.631419
703.393	-0.609481
529.4	-0.557656
374.247	-0.602166
244.52	-0.631516
143.128	-0.956765
89.9362	-1.48309
83.5562	-1.65361
91.1365	-1.54093
80.1574	-1.63669
69.7208	-1.77782
74.2711	-1.63362
59.7325	-2.02002
60.6105	-1.92478
62.0842	-1.70032
59.8917	-1.65692
49.4915	-1.79114
39.9662	-1.68101
36.335	-1.59167
32.9376	-1.51798
35.4267	-1.30947
32.8737	-1.41713
29.2724	-1.29085
26.7581	-1.31646
25.3821	-1.03948
25.8155	-0.837771
23.1969	-1.04226
23.8562	-0.846831
21.2989	-0.858626
24.6502	-0.819636
23.9087	-0.842371
24.6058	-0.76628
13.6773	-0.891823
19.7621	-0.764264
20.5803	-1.20737
37.5292	-1.74076
145.652	-1.64857
158.032	-1.87696
165.84	-1.89824
171.873	-2.00774
166.358	-1.92511
159.258	-1.73038
150.926	-1.74174
157.246	-1.76157
150.111	-1.70498
144.779	-1.80051
138.183	-1.89283
130.73	-2.02443
140.156	-1.91682
251.271	-1.95966
553.236	-1.5578
764.459	-1.45136
446.252	-1.69611
373.864	-1.84993
1038.62	-1.54981
1310.67	-1.5542
1349.76	-1.66618
1483.91	-1.58016
1543.27	-1.55846
1708.17	-1.43706
1849.02	-1.2197
1607	-1.27193
1178.94	-1.44264
703.42	-1.65207
373.656	-1.82206
232.737	-2.0577
322.818	-1.98797
573.158	-1.84421
721.32	-1.84028
818.599	-1.83034
976.125	-1.67432
1089.47	-1.57729
1155.96	-1.54021
1124.83	-1.55742
972.557	-1.70556
619.845	-1.90351
142.408	-1.87249
289.702	-1.66257
551.475	-1.89094
440.463	-1.83266
102.926	-1.73464
308.145	-1.7137
622.19	-1.77137
599.185	-1.73239
483.676	-1.71022
614.922	-1.7062
856.649	-1.5521
1119.29	-1.37269
1309.58	-1.17326
1423.28	-0.916712
1426.65	-0.704184
1338.84	-0.482355
1178.07	-0.352247
984.285	-0.188787
825.888	-0.0201862
710.378	0.0302915
607.878	0.105491
545.473	0.113476
485.931	0.108275
449.319	0.0158742
431.325	0.00926842
402.621	0.0113544
380.509	-0.0626839
375.563	-0.162536
335.856	-0.302747
321.8	-0.571705
265.386	-1.15513
177.335	-1.87534
154.82	-1.91926
151.38	-1.89609
145.091	-1.93883
155.105	-1.76897
147.571	-1.80357
161.365	-1.67148
164.412	-1.73452
177.94	-1.52035
174.577	-1.50516
169.053	-1.49422
173.089	-1.4731
168.459	-1.51154
283.3	-1.15371
423.665	-1.11834
560.871	-1.04078
670.634	-0.945927
715.063	-0.896321
716.673	-0.85755
570.419	-0.939888
349.506	-1.05733
164.169	-1.36586
143.505	-0.548872
159.48	0.0890618
100.038	0.556463
76.7833	0.312385
70.7954	0.335951
78.5953	0.658449
97.4185	0.737189
156.04	0.633505
205.04	0.571708
204.533	0.433058
144.918	0.133851
120.56	-0.979825
174.589	-1.72672
201.42	-1.71299
202.884	-1.63186
165.161	-1.67367
111.474	-1.65264
87.3111	-1.11717
81.8834	-0.725153
122.571	-0.228091
114.597	0.0430865
134.969	0.0300785
158.325	-0.15572
145.267	-0.522254
131.534	-1.1096
130.065	-1.12086
120.384	-1.11907
121.37	-0.853675
117.491	-0.656806
126.447	-0.021509
86.9471	0.106102
85.6544	0.114209
92.6417	0.228231
78.0996	0.218524
92.4138	0.211994
90.9173	0.506933
110.554	0.426215
115.364	0.344976
97.7213	0.484289
79.0069	0.098249
72.527	-0.150029
75.3761	-0.89045
141.28	-0.735127
206.519	-0.415414
251.096	-0.336735
299.111	-0.308645
314.036	-0.325696
329.991	-0.412425
338.727	-0.576256
375.589	-0.609937
363.143	-0.667644
343.997	-0.678925
316.2	-0.750706
283.022	-0.844232
229.48	-0.933429
163.931	-1.112
77.7161	-1.43301
60.2014	-1.73649
63.9135	-1.6431
62.4903	-1.66118
61.0676	-1.62331
52.6235	-1.70833
51.7827	-1.73894
48.1891	-1.71961
41.8008	-1.74268
36.8641	-1.55716
37.4128	-1.44295
35.047	-1.32413
19.6671	-0.642058
21.1099	-0.620376
17.8234	-0.716337
18.7872	-0.656058
17.5877	-0.706159
17.4526	-0.63657
20.0776	-0.673504
19.4273	-0.849194
21.0647	-0.713751
19.8549	-0.952249
26.1113	-1.13049
115.459	-0.515655
224.053	-0.199595
508.943	-0.0136345
1011.88	0.038752
1455.67	-0.0882578
1646.58	-0.297904
1710.2	-0.481472
1534.73	-0.62915
1174.43	-0.76199
474.147	-1.06159
90.8554	-1.41204
65.4183	-1.18369
52.5517	-1.01407
47.8324	-0.971069
117.254	-0.436447
278.677	-0.455982
259.056	-0.420777
487.453	-0.155272
244.585	-0.367705
208.075	-0.383504
539.396	0.0294102
877.719	0.20382
1050.46	0.283505
1060.41	0.131133
904.016	-0.16171
617.067	-0.568796
572.359	-0.898184
873.982	-1.08517
1200.25	-1.12288
1452.55	-1.19406
1734.91	-1.24042
1545.69	-1.3209
1387.94	-1.32037
1180.25	-1.27989
826.26	-1.37948
381.742	-1.46855
91.2016	-1.85407
72.4594	-1.94759
66.3649	-1.70499
77.5217	-1.66976
93.5201	-1.87146
142.168	-1.87827
144.652	-1.93022
145.851	-1.88979
155.916	-1.77559
152.796	-1.83888
166.462	-1.54585
209.131	-1.69813
282.634	-1.54521
335.962	-1.59255
376.831	-1.70462
660.863	-1.20686
721.164	-1.15831
590.809	-1.23151
500.411	-1.21765
565.775	-1.1873
750.877	-1.06751
924.221	-1.34396
975.594	-1.32953
1075.14	-1.31135
865.605	-1.48048
395.134	-1.69726
213.613	-1.90031
154.244	-2.1223
111.022	-2.14839
78.7973	-2.18232
56.3095	-1.97696
40.5876	-1.72858
38.8934	-1.54353
55.8817	-0.82243
174.163	-0.55628
171.081	-1.95087
258.807	-1.85464
410.067	-1.72161
593.679	-1.50547
613.326	-1.36383
575.023	-1.32634
546.04	-1.40721
630.808	-1.31688
749.135	-1.1931
831.45	-1.15253
839.232	-1.18822
684.831	-1.30926
464.02	-1.43454
202.547	-1.58384
111.33	-1.53628
95.1846	-1.68771
145.489	-1.70978
304.788	-1.5253
523.579	-1.4111
751.386	-1.27719
848.423	-1.16277
856.567	-1.08115
703.876	-1.2095
391.231	-1.36358
176.516	-1.15135
168.557	-0.823263
197.525	-0.27412
226.691	-0.109271
158.463	0.0949723
129.602	0.111513
115.546	0.170314
132.657	0.416458
143.002	0.280461
158.314	0.216503
159.624	0.328224
113.046	0.0950325
124.448	-0.698979
204.182	-0.800981
238.459	-0.863684
208.38	-1.12671
103.546	-1.31518
58.8142	-0.657122
58.3066	-0.199507
66.8327	-0.060985
81.0636	0.0869797
89.2463	-0.031748
114.012	0.0740556
116.041	-0.0678771
77.4582	-0.298667
68.9961	-1.24588
160.176	-1.69007
218.545	-1.3918
431.838	-1.57715
511.773	-1.48656
461.733	-1.65696
415.615	-1.8096
408.427	-1.81717
388.916	-1.77361
351.905	-1.61679
293.681	-1.67767
192.004	-1.76146
114.931	-1.6641
163.479	-0.750147
268.417	-0.14807
83.0642	-0.337502
71.2872	-0.201434
101.503	-0.221832
173.633	0.0643259
95.9615	-0.050712
39.0379	-0.611749
33.1924	-1.41442
61.2859	-1.97802
88.5662	-2.09239
113.507	-1.86329
109.848	-1.92304
209.698	-1.76179
277.747	-1.72849
334.953	-1.63506
338.3	-1.58502
330.372	-1.56558
333.639	-1.49684
331.385	-1.37518
258.773	-1.40236
147.116	-1.47149
85.2085	-1.5146
91.1954	-1.54161
95.7548	-1.45499
105.462	-1.42827
179.716	-1.10709
173.822	-1.24818
161.204	-1.37052
147.495	-1.37116
151.282	-1.41573
115.694	-1.48644
113.34	-1.6436
104.01	-1.80395
105.016	-1.67339
125.62	-1.56283
143.994	-1.54661
164.765	-1.4409
172.438	-1.55629
144.548	-1.67382
153.601	-1.56327
140.447	-1.31268
108.25	-1.044
122.858	-0.10861
113.622	0.29394
98.9991	0.359969
75.2518	0.626384
76.1897	0.534588
78.5569	0.539856
68.4278	0.474905
62.225	0.473181
76.2545	0.633488
80.3496	0.54405
71.4131	0.583467
66.4229	0.614418
64.0021	0.597087
62.7486	0.641265
69.3285	0.616833
85.4369	0.512294
76.7801	0.767283
89.9799	0.85509
90.4186	0.681664
65.5264	0.379776
44.1309	0.186422
27.7139	-0.161621
23.4506	-0.640388
21.9585	-0.435816
17.3451	-0.635851
21.7142	-0.663094
19.0224	-0.86824
19.1737	-0.551202
19.5097	-0.649786
20.4796	-0.569902
19.2378	-0.652913
19.7968	-0.735897
18.9238	-0.775838
32.5567	-1.09413
56.7584	-1.71598
173.162	-1.92411
247.5	-1.85154
322.193	-1.77814
368.938	-1.76068
439.276	-1.69487
513.836	-1.70789
502.013	-1.7109
431.248	-1.85756
318.297	-2.0587
262.487	-2.03563
262.864	-2.00914
222.609	-2.21538
157.082	-2.25469
136.415	-2.03835
96.171	-2.01702
63.6248	-1.83157
50.9594	-1.47075
49.9159	-1.35498
44.0118	-1.22483
41.0889	-1.09115
97.1188	-0.256279
432.616	-0.0307454
297.878	-0.627413
688.768	-0.451644
901.451	-0.115076
841.243	-0.0909374
847.015	-0.142105
780.26	-0.161018
724.707	-0.310508
517.806	-0.585467
170.194	-1.26354
68.3128	-1.31073
71.0251	-1.00234
64.0015	-0.83393
59.1103	-0.97398
55.4419	-1.10051
144.37	-0.247607
469.798	-0.290066
381.579	-1.14578
502.517	-1.46273
607.6	-1.42848
610.376	-1.58343
663.537	-1.56001
758.629	-1.51892
753.575	-1.72254
597.414	-2.10836
529.953	-2.15686
438.664	-2.2153
333.258	-2.29113
331.03	-1.90092
235.375	-1.83788
93.215	-1.93725
64.8663	-1.78923
52.6406	-1.16728
52.8886	-1.43969
46.4336	-1.28517
45.4198	-1.31645
102.814	-0.882405
388.775	-0.69205
347.924	-0.859588
534.665	-1.1622
840.665	-1.10314
1057.18	-0.937452
1204.9	-0.914868
1001.09	-1.1757
767.432	-1.29237
439.382	-1.43411
338.736	-1.22517
547.224	-0.33762
455.745	0.0337341
345.365	0.124907
303.736	0.345497
370.274	0.479403
295.122	0.0142228
91.4864	-1.00142
47.1285	-0.908415
46.6619	-0.733375
40.8762	-0.675823
41.5702	-0.891187
55.5792	-1.36268
170.511	-1.98381
151.332	-1.74338
126.417	-1.44637
232.972	-2.02153
319.69	-1.94743
369.549	-1.78359
473.808	-1.53556
573.741	-1.4266
513.658	-1.57029
225.966	-1.81455
136.595	-1.59974
523.436	-0.379347
578.027	-0.709129
495.416	-0.435463
425.526	-0.246233
425.797	-0.273944
435.49	-0.238567
460.781	-0.328655
537.03	-0.448446
619.106	-0.474148
675.595	-0.608989
634.852	-0.856041
590.136	-1.14492
535.162	-1.42629
464.609	-1.60483
416.362	-1.77502
385.092	-1.89325
371.944	-1.79675
292.809	-1.95357
262.727	-2.09457
236.331	-2.05184
223.439	-2.14817
216.778	-2.08069
174.975	-2.10782
143.234	-1.94441
116.978	-1.77004
93.1191	-1.53989
156.639	-0.669484
216.327	0.0621912
152.011	0.205412
88.0871	0.170267
68.0899	-0.191556
63.1449	0.105118
64.3824	0.191004
62.2628	0.116467
72.1033	0.0132805
79.6088	-0.0135565
90.6311	0.229841
93.8614	0.0723679
102.633	0.438896
106.264	0.368255
106.015	0.42133
127.682	0.370737
115.177	0.132954
60.5203	-0.307083
53.2873	-0.363673
43.5142	-0.764136
39.8045	-0.780674
34.7607	-0.940997
36.2133	-0.691902
37.8847	-0.780246
30.6617	-0.722267
34.9038	-0.692432
31.9189	-0.851345
35.1202	-0.658231
39.3542	-0.663375
37.0557	-0.623857
35.5216	-0.926849
45.2452	-0.754393
26.2317	-0.879699
24.5866	-0.714186
21.4172	-0.502213
25.4603	-0.693283
28.5974	-1.18326
51.7382	-1.81479
83.0078	-2.05723
120.023	-1.93961
172.252	-1.78475
314.399	-1.49018
416.014	-1.34139
356.796	-1.36889
236.766	-1.44954
235.358	-1.3478
251.017	-1.36282
216.584	-1.59856
272.241	-1.75724
773.28	-1.40216
1304.99	-1.31981
1313.62	-1.55746
1169.74	-1.7913
1100.99	-1.85463
863.792	-1.9956
418.599	-2.0962
98.1968	-2.18603
69.7611	-1.99627
57.5096	-1.68524
45.8261	-1.46658
54.3116	-1.07366
206.224	-0.619355
393.494	-1.76514
480.128	-2.40798
212.011	-2.21043
497.405	-1.29855
1039.23	-1.64461
1060.88	-1.71232
964.452	-1.68973
611.432	-1.89397
578.941	-1.668
353.95	-1.45441
278.86	-1.19128
332.527	-0.698367
318.299	-0.193501
301.068	-0.00129208
199.729	0.0502015
168.03	-0.128309
152.11	-0.123871
171.004	-0.0847533
213.907	-0.057467
250.433	0.247964
224.39	0.291846
170.715	0.0421852
136.422	-0.266802
235.657	-0.8862
467.268	-0.542043
578.239	-0.528901
645.84	-0.689247
683.62	-0.817022
602.456	-1.03712
483.228	-1.18754
312.072	-1.35957
199.135	-1.53324
139.253	-1.36794
146.089	-1.08674
148.632	-1.23183
206.083	-1.69597
374.379	-1.87215
611.123	-1.80684
712.21	-1.81663
681.236	-1.91696
654.166	-1.92188
530.046	-1.9338
317.064	-2.1418
214.522	-1.98175
164.565	-1.26504
144.706	-0.678321
151.539	-0.0588832
157.554	0.0538542
178.142	-0.00201788
182.722	0.173646
175.004	0.064615
157.276	0.0386365
132.864	0.198431
184.164	-0.221195
133.291	-0.0808555
94.7017	-0.918033
190.577	-2.27446
350.62	-2.04928
427.859	-1.88458
452.197	-1.65222
497.583	-1.48498
529.628	-1.49516
615.475	-1.40863
695.621	-1.40979
704.627	-1.42737
753.613	-1.4184
764.888	-1.52661
668.064	-1.72731
577.63	-1.70461
278.918	-1.73498
168.741	-1.75091
164.043	-1.76673
172.187	-1.70625
176.55	-1.65996
172.151	-1.72057
138.933	-1.68154
92.4838	-1.71178
45.2095	-1.40803
38.6172	-1.24173
104.641	-1.16264
79.2144	-1.23979
92.3916	-1.03065
127.532	-1.17225
62.3429	-1.35403
483.271	-1.18082
659.526	-1.01521
431.724	-1.13509
1068.73	-1.22663
808.629	-1.38038
760.952	-1.4871
707.383	-1.5871
786.644	-1.22714
612.204	-1.25082
475.709	-1.34628
459.948	-1.38495
433.158	-1.45974
797.556	-1.49755
1012.23	-1.41929
1142.5	-1.27625
1244.5	-1.20411
1282.29	-1.07274
1335.92	-0.86524
1323.57	-0.699933
1220.9	-0.51484
1079.77	-0.458957
1027.25	-0.380482
913.895	-0.359638
838.851	-0.402655
754.385	-0.586071
381.583	-0.691936
309.011	-0.382733
923.286	-0.574991
1111.46	-0.810297
1149.32	-1.0101
1163.76	-1.22257
1187.2	-1.30223
1163.07	-1.28414
1107.62	-1.13264
930.778	-1.10247
714.208	-1.04528
430.721	-0.953096
290.23	-0.999301
229.741	-1.10261
205.378	-1.10194
198.224	-1.1433
227.268	-0.804108
226.025	-0.781686
247.396	-0.646231
272.566	-0.51631
283.171	-0.360975
338.79	-0.236468
394.497	-0.159081
371.284	-0.253591
378.37	-0.405834
333.184	-0.811746
297.299	-1.1713
204.538	-1.68639
170.272	-1.86027
149.578	-1.90569
140.912	-2.014
126.044	-2.20705
138.35	-2.11236
116.046	-2.17839
146.453	-2.0961
191.024	-1.82253
168.746	-1.92179
78.9783	-1.99557
130.299	-1.71255
352.8	-1.41663
366.224	-1.53853
254.463	-1.90247
237.517	-1.82078
212.013	-1.8795
170.711	-1.99309
153.215	-1.99649
122.853	-2.01773
107.355	-2.04271
109.222	-1.9343
94.6767	-1.86393
59.0631	-1.73563
55.8422	-1.46601
51.1012	-1.75956
44.292	-1.41687
38.403	-1.27854
38.1747	-1.19021
32.4833	-0.961459
35.5825	-0.630013
28.9584	-1.02358
28.5682	-0.812907
24.8856	-0.701262
23.7234	-0.876278
24.873	-0.699915
24.1	-0.890549
23.5338	-0.92829
18.6103	-0.831193
20.3545	-0.798815
20.3436	-0.774965
21.7211	-0.931625
22.7837	-0.938855
21.3758	-0.746044
21.0728	-0.846827
20.5112	-0.766008
24.5857	-0.614051
21.602	-0.870091
21.2997	-0.902494
22.2371	-0.758351
228.358	-0.541623
185.015	-0.7258
172.179	-1.62635
293.664	-1.68188
315.455	-1.68428
311.584	-1.72806
350.202	-1.70973
274.317	-2.02459
171.003	-1.94599
122.858	-1.70037
186.721	-1.52329
225.015	-1.79826
192.287	-1.45111
147.072	-0.68534
44.1167	-0.82262
26.5878	-1.09843
25.0178	-1.19935
26.8437	-0.905183
23.4487	-0.85292
25.7014	-1.12839
33.4709	-0.870748
384.418	-0.222252
307.683	-0.908396
396.233	-1.38212
401.197	-1.45774
374.708	-1.62228
340.807	-1.62134
284.634	-1.73947
213.767	-1.77375
164.348	-1.65033
102.928	-1.73022
89.8241	-1.91021
141.65	-1.77251
303.663	-1.56577
640.826	-1.59584
965.705	-1.45866
1245.09	-1.3627
1592.99	-1.24187
1716.63	-1.29229
1530.22	-1.3576
1060.75	-1.58314
563.231	-1.82776
264.357	-1.93703
207.706	-1.55491
247.986	-0.98759
229.031	-0.810406
209.085	-0.993212
166.349	-1.45943
142.189	-1.62832
110.755	-1.94583
97.0921	-2.27646
105.318	-2.32214
123.368	-2.22375
152.064	-2.20554
167.852	-2.14364
188.655	-2.17503
462.988	-1.91365
689.182	-1.75134
901.121	-1.61993
1045.82	-1.44051
1143.92	-1.30767
1263.39	-1.06061
1338.19	-0.793584
1201.34	-0.60716
617.044	-0.535003
122.618	-1.27246
376.667	-0.562162
586.085	-0.308769
576.844	-0.126415
439.066	0.0583158
389.397	-0.0160028
355.214	0.0429741
327.934	0.0289268
304.854	0.0607314
346.33	0.0894635
364.776	0.130984
397.971	0.144185
392.614	0.0194104
314.237	-0.427451
159.969	-1.61836
141.072	-1.7642
156.9	-1.67392
168.5	-1.57959
179.03	-1.53906
196.347	-1.50581
483.486	-1.27697
871.127	-0.944593
995.75	-0.981795
1012.95	-1.04029
977.402	-1.05831
953.044	-1.10267
862.387	-1.205
795.797	-1.32461
697.186	-1.42179
668.183	-1.40067
665.322	-1.34826
568.533	-1.40552
444.604	-1.61631
393.587	-1.64157
305.018	-1.75846
287.249	-1.65325
129.082	-1.62439
91.2119	-1.40049
103.608	-1.06202
127.125	-0.448869
114.389	0.0340318
94.907	-0.0433218
89.7913	0.134032
93.2255	-0.026997
134.853	0.210907
154.557	-0.127624
142.74	0.158531
166.794	-0.169147
156.559	-0.0713664
153.076	-0.225831
99.4677	-0.212342
48.6478	-0.764436
41.4499	-1.28662
34.2135	-1.34013
22.6735	-0.901063
23.1415	-0.811393
23.6626	-0.560887
27.9578	-0.806053
24.296	-0.894682
44.5374	-0.972234
30.4381	-0.973223
26.321	-1.17737
29.0212	-1.50112
71.9629	-1.76038
97.1801	-1.91493
117.86	-1.83198
128.207	-1.79655
149.321	-1.80337
169.224	-1.74348
176.72	-1.82447
354.495	-1.69302
844.433	-1.33773
1179.97	-1.19126
1358.64	-1.12473
1415.61	-1.12186
1458.29	-1.13154
1379.81	-1.21179
1166.16	-1.37196
1025.41	-1.34095
818.611	-1.33749
548.251	-1.37793
322.822	-1.3314
276.519	-1.40573
239.521	-1.49213
214.348	-1.57771
210.191	-1.57534
199.18	-1.58432
159.519	-1.7745
144.009	-1.79335
133.386	-1.87985
400.085	-1.36145
596.78	-1.37945
491.095	-1.77143
533.066	-1.759
843.67	-1.44795
1094.21	-1.50097
1018.47	-1.67709
948.749	-1.68246
811.07	-1.68022
614.007	-1.72478
342.741	-1.90367
187.641	-2.0339
156.325	-1.68488
134.296	-1.41427
111.341	-1.5454
112.607	-1.48499
145.608	-1.28
203.932	-0.883646
315.094	-0.645719
314.542	-0.582888
282.758	-0.573202
203.033	-0.794835
101.065	-1.21986
48.1804	-1.44701
34.6448	-1.16708
30.3771	-1.15605
29.8028	-1.14858
37.3528	-0.925429
39.4651	-0.955055
46.8449	-1.38753
47.1925	-1.84265
49.0652	-1.61621
107.823	-2.10283
183.194	-1.84335
205.348	-1.70813
223.162	-1.88748
242.076	-1.79931
373.69	-1.55006
346.41	-1.72581
170.756	-1.96521
241.025	-1.73615
513.264	-1.57393
688.776	-1.38975
681.808	-1.5248
606.748	-1.73509
632.959	-1.61863
651.658	-1.48776
633.889	-1.52996
613.52	-1.61704
611.932	-1.58183
573.407	-1.69252
588.163	-1.59206
555.91	-1.47673
548.919	-1.32187
487.923	-1.16053
378.807	-1.01322
227.315	-1.10202
134.956	-1.18578
176.732	-1.08963
138.504	-1.30674
109.241	-1.39261
105.707	-1.39214
74.9754	-1.40934
60.6793	-1.57237
54.3464	-1.74702
47.7143	-1.68766
48.4175	-1.64502
54.8757	-1.48782
47.3975	-1.53122
40.0042	-1.40513
35.6107	-1.37012
37.9995	-1.27962
35.8943	-1.34535
33.9143	-1.32645
32.9818	-1.1623
26.4833	-1.06557
28.3791	-1.05709
39.8364	-0.592911
31.2246	-0.794573
30.0527	-0.791052
29.7963	-0.587514
29.3121	-0.340181
30.8339	-0.565265
30.1603	-0.44515
28.6849	-0.360421
26.7083	-0.66299
23.1234	-0.694094
23.1022	-0.691025
20.8818	-0.57524
22.3402	-0.588914
24.6711	-0.646469
22.1291	-0.60486
18.9635	-0.690355
13.422	-0.847335
22.8565	-0.89809
20.5574	-0.678783
21.2783	-0.632674
21.2114	-0.783184
21.8308	-0.545422
24.3115	-0.444812
25.1433	-0.811796
27.8154	-1.25881
61.2712	-1.99399
141.788	-1.89296
326.354	-1.65394
651.174	-1.59845
741.016	-1.68332
836.9	-1.67451
833.772	-1.74856
813.981	-1.77407
460.539	-1.97184
75.5007	-2.04903
43.2452	-1.68289
36.758	-1.38188
30.6122	-1.25927
32.9326	-1.27281
35.9034	-1.46213
57.3899	-0.93925
410.726	-1.49255
1197.3	-1.40845
1718.7	-1.28351
2001.85	-1.15526
1943.67	-1.25747
1931.72	-1.26603
1608.45	-1.45145
1410.4	-1.61681
882.982	-1.74389
273.738	-1.24624
418.011	-1.35542
495.223	-1.91195
255.889	-1.93281
67.7828	-1.83293
52.7362	-1.52323
48.7964	-1.63849
39.8806	-1.4101
39.4096	-1.2894
37.7608	-1.13252
302.229	-1.28025
318.517	-1.38773
472.688	-2.08482
716.273	-1.93515
847.57	-1.86927
876.856	-1.79438
612.243	-1.97157
247.395	-2.27091
189.896	-2.23118
188.463	-2.25657
205.228	-2.05582
181.211	-2.1916
224.293	-2.00452
582.013	-1.86252
865.358	-1.56955
1066.86	-1.41356
1273.05	-1.27998
1349.27	-1.23991
1253.39	-1.30201
1030.75	-1.38284
790.067	-1.42288
459.195	-1.62168
212.094	-1.71889
159.536	-1.7403
125.189	-1.94894
89.9298	-2.05857
68.6668	-2.10827
46.3413	-1.6038
36.1019	-1.32363
37.7088	-1.36114
259.589	-1.12903
465.512	-1.44903
897.315	-1.68487
925.267	-1.79797
1072.21	-1.67511
1004.56	-1.68129
753.881	-1.80423
505.739	-1.89278
220.071	-2.12856
105.773	-2.18406
123.967	-2.12578
226.717	-2.13438
404.441	-2.09845
545.779	-2.01876
690.535	-1.84906
682.469	-1.89855
683.535	-1.79859
620.503	-1.65524
569.211	-1.51652
520.566	-1.52085
384.376	-1.75126
178.077	-2.03177
89.0601	-1.89391
80.1215	-1.58465
49.666	-1.74331
48.3681	-1.58104
101.623	-1.40883
246.439	-1.01732
364.558	-0.571562
353.898	-0.318262
334.033	-0.193653
312.335	-0.175712
328.796	-0.150497
372.397	-0.0737892
401.963	-0.0830043
447.027	-0.112854
497.988	-0.216656
601.216	-0.459173
717.036	-0.603266
770.337	-0.74713
755.832	-0.979471
729.699	-1.25649
683.294	-1.43392
673.511	-1.45727
631.632	-1.52216
617.028	-1.45515
530.955	-1.4675
490.511	-1.4287
386.954	-1.35591
195.825	-1.37251
60.6204	-1.70336
61.049	-1.32787
73.7288	-1.09844
42.6546	-1.55999
36.9471	-1.40411
30.7321	-1.04892
31.1034	-1.0097
29.9353	-0.919432
29.495	-0.803554
127.793	-0.502171
90.7465	-0.281826
116.652	-0.045754
113.176	-0.244528
87.6161	-0.808873
141.188	-1.07553
177.247	-1.27633
195.721	-1.38892
218.028	-1.37543
192.173	-1.50818
157.841	-1.68264
146.914	-1.81761
123.785	-1.8989
116.244	-1.7865
90.4757	-1.95801
84.0386	-1.72484
73.0024	-1.58439
61.9896	-1.47281
62.1684	-1.55159
51.5357	-1.42186
41.9775	-1.45221
35.5216	-1.22431
33.2608	-1.03232
27	-0.809246
21.3725	-0.765483
22.7643	-0.763395
23.5768	-0.447027
23.4438	-0.509363
22.6237	-0.5813
22.6581	-0.573631
24.9854	-0.831058
23.7543	-0.610697
11.0016	-1.05708
21.447	-0.786638
20.919	-0.632455
19.444	-0.525032
20.367	-0.731136
19.6855	-0.787687
20.8573	-0.734202
20.7006	-0.720306
20.0882	-0.772599
22.6137	-0.818659
19.8364	-0.790058
23.7133	-1.08614
46.7725	-1.78927
131.022	-1.98202
122.249	-2.16589
123.614	-2.02491
111.29	-2.11121
109.59	-1.90094
121.913	-1.88941
122.979	-1.87143
107.296	-1.98461
95.704	-2.05044
63.2711	-2.215
43.1134	-1.90714
28.4462	-1.54006
24.0466	-1.2708
28.5766	-1.19851
25.7244	-1.23022
25.1991	-1.18124
25.626	-1.08168
272.983	-1.43759
1053.83	-1.75208
976.303	-1.87635
852.6	-1.85055
726.316	-1.74018
462.669	-1.75254
234.288	-1.87182
228.7	-1.24691
219.46	-0.642653
235.466	-0.235612
215.746	-0.242489
199.317	-0.272766
156.748	0.114189
128.386	-0.0313835
133.162	0.0362414
173.919	0.0162016
158.633	-0.00373368
153.713	-0.454594
196.033	-1.35499
572.337	-1.37868
877.297	-1.05013
1160.35	-0.681808
1298.93	-0.545208
1354.73	-0.439555
1325.38	-0.371655
1150.66	-0.414679
902.56	-0.601916
609.744	-0.730049
295.405	-0.869759
96.6835	-1.31334
57.8187	-1.2869
45.7486	-1.07915
44.7869	-0.916916
48.5075	-0.647807
43.4836	-0.728803
75.6166	-0.290707
114.284	-0.0935118
191.106	-0.0214776
194.656	0.00691556
187.862	0.175766
158.88	0.149506
98.6339	0.128794
31.8265	-0.617957
26.0293	-0.826025
23.8068	-0.870319
20.9452	-0.772366
25.7674	-0.742283
24.2636	-0.876166
101.233	-0.442483
182.524	-0.706483
206.418	-1.82043
282.171	-1.71183
345.677	-1.51599
755.821	-1.39899
945.78	-1.32827
995.104	-1.17661
1010.61	-1.1362
888.331	-1.25195
769.414	-1.37419
583.257	-1.399
359.807	-1.62119
305.146	-1.79179
375.799	-1.7762
463.753	-1.79978
634.541	-1.72542
777.045	-1.68994
827.029	-1.69989
748.236	-1.83461
741.867	-1.86246
651.927	-1.92511
322.259	-1.72353
322.762	-0.756933
605.049	-1.68267
450.558	-1.63045
131.16	-1.2783
498.79	-1.66513
676.772	-1.79299
647.056	-1.73333
588.332	-1.79748
559.482	-1.80443
406.273	-2.00409
255.231	-2.13468
224.166	-1.72617
170.307	-1.4733
153.911	-0.954878
195.787	-0.556705
216.705	-0.289781
182.182	-0.057063
96.7203	0.00158628
41.968	-0.538094
33.4156	-0.87109
24.7177	-1.17884
25.4213	-0.885856
26.1886	-0.789292
70.5693	-0.247795
260.197	-0.40341
190.492	-1.34787
336.575	-2.03777
460.795	-1.84515
483.047	-1.86171
475.628	-1.75422
389.494	-1.85141
299.576	-2.01148
259.159	-1.82067
205.88	-1.68723
185.373	-1.71594
170.915	-1.73269
180.658	-1.89065
201.332	-1.8836
214.208	-1.95338
128.312	-2.15067
45.7897	-2.05403
49.0348	-1.75258
247.675	-1.79824
465.149	-1.73668
473.761	-1.73116
481.681	-1.52991
486.313	-1.48506
486.606	-1.45508
488.529	-1.36738
485.724	-1.3404
462.728	-1.37429
400.717	-1.52646
371.519	-1.52932
308.017	-1.58403
242.512	-1.56119
139.994	-1.56927
75.5658	-1.75655
69.0702	-1.65093
64.3721	-1.63668
59.0249	-1.64523
56.5081	-1.71018
48.636	-1.81244
44.0502	-1.86854
44.4058	-1.76043
42.189	-1.81637
41.7745	-1.71518
34.648	-1.58369
29.6961	-1.51064
27.9092	-1.34895
33.9283	-0.972194
125.181	-0.60176
41.8294	-0.570964
39.6068	-0.260894
58.039	0.0260195
75.6838	0.181087
93.113	0.389463
94.1431	0.170258
105.603	0.158192
104.645	0.33508
85.1639	0.0998925
101.795	0.236245
114.913	0.235779
81.8463	0.190908
74.2228	0.0151281
61.1879	-0.1594
50.2304	-0.271873
38.1879	-0.682579
29.4644	-0.785361
25.7249	-0.83743
21.2031	-0.877236
21.4462	-0.898228
20.1598	-0.596601
19.7138	-0.824707
17.2488	-0.770905
16.4093	-0.678676
18.1159	-0.82793
18.2015	-0.587712
22.5351	-0.604566
19.4194	-0.712424
19.2399	-0.773035
22.842	-0.522964
22.6998	-0.695786
21.8143	-0.809441
20.49	-0.862009
22.1977	-0.782894
20.285	-0.753194
21.4474	-0.736861
22.312	-0.903262
23.8189	-0.753248
29.0839	-0.882857
29.9066	-1.18141
28.8752	-1.25666
241.769	-0.497089
508.32	-0.941322
556.507	-1.46921
314.586	-1.40112
799.432	-0.731484
1018.4	-1.57625
942.664	-1.61458
513.136	-1.59186
682.794	-1.58525
1537.29	-1.33578
2120.79	-1.09809
2212.64	-1.10676
2175.64	-1.01333
1969.19	-1.08117
1729.38	-1.1412
1482.92	-1.23886
1168.34	-1.36863
782.931	-1.5632
274.44	-1.92749
154.956	-2.02758
139.075	-1.99982
113.369	-1.97216
87.1774	-1.88927
76.5743	-1.6141
88.9573	-1.10552
123.118	-0.460039
159.289	-0.365244
202.536	-0.33901
209.674	0.0899216
201.846	0.126218
130.145	0.0936559
75.7152	-0.187426
47.7634	-0.509484
35.0842	-0.706914
30.4878	-0.679317
23.8691	-0.878616
27.6847	-0.751808
78.996	-0.522013
221.724	-0.998459
553.727	-1.64392
792.173	-1.47157
942.582	-1.33838
1089.19	-1.28034
1088.73	-1.33877
1010.87	-1.39955
936.316	-1.43645
814.837	-1.46241
632.343	-1.55372
334.222	-1.60913
76.1546	-1.87274
53.9931	-1.6124
40.0104	-1.21987
106.891	-0.0966762
323.944	-0.0730292
108.364	-1.1195
210.813	-1.66074
281.922	-1.46228
275.401	-1.4775
263.596	-1.40969
187.996	-1.47055
104.913	-1.66635
53.243	-1.9797
43.3879	-1.51092
60.7261	-0.693151
264.081	-0.120577
124.286	-0.537416
101.983	-0.677694
173.932	-1.71125
464.62	-1.50395
406.696	-1.52681
116.945	-1.13746
97.0764	-0.0532743
371.502	-0.953866
493.084	-1.70048
521.701	-1.72911
623.88	-1.7246
621.468	-1.66595
544.808	-1.64907
373.799	-1.48023
203.368	-1.47681
118.072	-1.82113
129.456	-1.75046
204.792	-1.6658
292.904	-1.54463
322.175	-1.50085
284.898	-1.54208
276.661	-1.59245
259.593	-1.62946
261.052	-1.66525
254.111	-1.70085
271.625	-1.71255
304.095	-1.6708
365.419	-1.64343
420.158	-1.65196
558.917	-1.52868
701.584	-1.42871
833.656	-1.25756
976.657	-1.08799
1076.02	-0.941181
1203.84	-0.808921
1355.66	-0.678883
1423.42	-0.636719
1467.97	-0.575944
1455.13	-0.529613
1407.83	-0.565747
1276.7	-0.631989
1162.46	-0.684205
962.754	-0.774283
694.253	-0.746627
289.75	-1.20891
195.321	-1.14748
211.652	-0.447219
290.48	0.014703
273.347	0.364009
243.435	0.30129
247.969	0.364224
263.443	0.238295
161.469	-0.00264831
40.1086	-0.672077
31.8287	-0.911073
30.7842	-0.842378
30.6124	-0.760149
26.1026	-0.686422
27.8632	-0.883635
27.1536	-0.753243
65.4206	-0.617653
370.035	-2.07248
1007.35	-1.84713
1165.07	-1.73593
1214.07	-1.69048
1183.39	-1.67862
927.441	-1.54649
206.477	-1.7496
310.239	-1.78931
666.149	-1.73895
511.07	-1.91584
419.106	-2.10478
601.085	-2.09951
752.984	-2.00533
726.217	-2.04456
702.081	-1.94616
590.976	-1.92154
449.429	-1.94417
274.635	-2.07478
158.339	-2.14129
101.808	-2.15283
99.2726	-2.213
179.612	-1.92084
336.365	-1.62084
426.627	-1.67866
438.22	-1.86913
435.915	-1.9336
379.908	-1.97894
367.203	-1.82754
309.765	-1.89405
209.464	-2.05541
146.445	-1.9598
128.727	-2.1251
144.317	-2.00012
145.452	-2.01816
266.266	-1.84685
329.256	-1.94655
432.033	-1.78328
539.313	-1.64713
582.202	-1.63741
634.757	-1.57148
614.421	-1.65839
607.043	-1.58546
428.58	-1.68847
336.456	-1.85603
486.537	-1.79775
577.926	-1.78092
685.248	-1.47967
599.362	-1.56889
537.296	-1.62869
445.223	-1.64932
247.428	-1.84127
135.169	-1.8603
136.403	-1.33944
180.013	-1.04599
269.251	-0.148361
304.677	-0.0162641
308.493	0.162889
314.49	0.430138
333.514	0.216152
244.451	0.406097
277.06	0.358788
294.049	0.47506
228.722	0.397786
173.94	0.251768
97.2879	-0.270039
186.358	-1.34551
406.678	-1.07275
448.924	-1.11891
387.081	-1.36866
339.763	-1.46168
319.837	-1.5724
311.252	-1.57436
297.071	-1.64182
280.643	-1.64628
278.996	-1.64297
304.104	-1.69333
311.983	-1.75122
286.45	-1.95771
246.111	-2.20175
190.752	-2.1978
87.6523	-1.8134
206.572	-1.82585
224.878	-2.19015
158.608	-2.21594
102.574	-1.99698
57.3262	-1.99366
47.6579	-1.86869
37.5922	-2.00553
51.6387	-2.02575
117.045	-2.14474
268.442	-1.98804
396.283	-1.81557
506.099	-1.71059
533.742	-1.60867
565.409	-1.46774
615.526	-1.37654
598.929	-1.41897
600.4	-1.34245
572.838	-1.35516
555.59	-1.33001
490.332	-1.32735
407.177	-1.33382
292.661	-1.4581
117.863	-1.67297
79.5744	-1.69382
84.3169	-1.55286
84.5343	-1.5527
81.5199	-1.51927
81.6199	-1.51093
151.755	-1.3579
211.477	-1.56027
238.005	-1.60804
234.94	-1.65251
241.416	-1.66674
189.892	-1.86423
186.751	-1.73491
141.967	-1.8574
132.843	-1.82965
115.947	-1.79542
75.4244	-1.66624
49.395	-1.75611
49.8363	-1.40114
44.5148	-1.73578
49.982	-1.49673
33.6141	-1.27955
28.3779	-1.15396
29.8778	-0.882528
29.5287	-0.820744
27.9413	-0.818179
21.343	-0.891397
22.7292	-0.768182
25.1162	-0.783831
26.9571	-0.606273
24.5457	-0.896395
20.6607	-0.855175
23.7345	-0.760188
109.449	0.227349
150.163	-0.894988
356.453	-1.82847
545.569	-1.76552
765.236	-1.53808
911.219	-1.39203
868.59	-1.40525
720.257	-1.43181
404.146	-1.50224
152.661	-1.81647
106.522	-1.98197
84.2547	-1.89024
57.8208	-1.49457
53.432	-0.71651
70.6906	-0.259752
92.7543	-0.0536188
164.751	-0.0175078
173.453	-0.151277
80.3237	-0.34271
33.7732	-1.00285
28.0154	-1.11187
24.437	-0.985795
24.1189	-0.778349
26.534	-1.08076
41.0229	-0.611347
184.07	-0.980697
527.503	-2.15113
922.366	-1.78241
1094.13	-1.74161
1315.7	-1.44698
919.471	-1.56291
180.885	-1.68983
182.776	-1.7111
454.327	-2.00082
530.082	-1.99392
429.738	-2.14149
263.477	-2.23412
103.943	-2.3711
119.059	-2.26059
147.55	-2.1678
152.827	-2.08496
145.85	-2.0986
144.401	-2.17707
173.628	-1.9338
203.998	-1.76163
637.344	-1.24001
1348.19	-0.830493
1654.42	-0.54476
1791.65	-0.42906
1739.94	-0.437243
1357.94	-0.670698
1021.54	-0.871313
786.169	-1.06522
342.795	-1.36063
260.016	-0.880753
413.541	-0.0512597
88.541	-0.900408
59.5885	-1.03236
49.2873	-1.07242
31.5854	-0.945514
35.7483	-1.0624
39.2913	-0.748418
30.1536	-0.822387
79.8286	-0.360822
253.516	-0.437861
405.648	-1.42558
620.077	-1.43374
246.96	-1.05533
615.231	-0.447875
1207.17	-1.14895
1417.72	-1.21275
1690.78	-1.16252
1781.06	-1.11417
1536.06	-1.14961
1207.57	-1.16881
701.763	-1.33691
261.826	-1.7021
163.008	-2.01789
149.9	-2.00194
133.734	-1.99347
106.688	-1.99179
76.9954	-1.9817
52.0407	-1.73078
37.6368	-1.15095
34.6394	-1.00065
55.3658	-0.854374
542.662	-0.793766
373.411	-1.37037
769.24	-1.80411
1167.03	-1.58889
1663.48	-1.30793
1830.52	-1.24584
1799.58	-1.28756
1709.24	-1.4009
1536.95	-1.23203
797.608	-1.52553
587.86	-1.70199
495.592	-1.88831
435.838	-1.96913
466.079	-1.91591
1097.31	-1.67076
1130.08	-1.80734
1121.79	-1.82742
1111.31	-1.81525
1067.9	-1.75178
912.466	-1.72121
538.601	-1.77463
176.001	-1.48168
368.078	-1.69173
428.158	-1.78388
171.301	-1.66968
381.739	-0.761324
591.816	-1.67599
471.575	-1.54038
101.073	-1.36918
508.457	-0.976533
777.036	-1.19044
766.772	-1.06069
712.162	-0.951868
814.821	-0.77984
885.06	-0.722293
862.522	-0.677566
824.048	-0.609717
739.754	-0.634237
576.331	-0.806278
416.108	-1.08399
315.693	-1.25992
168.594	-1.39545
104.036	-1.56561
80.3663	-1.4812
111.215	-1.50637
182.851	-1.72727
258.011	-1.71652
358.132	-1.31928
325.666	-1.60031
271.484	-1.76655
211.909	-1.98108
175.686	-2.15674
164.432	-2.25234
177.467	-1.97373
358.662	-1.50429
372.784	-1.69923
365.324	-1.80748
326.756	-1.90515
317.383	-1.81735
277.505	-1.83787
258.017	-1.82263
214.9	-1.76432
183.672	-1.71633
120.413	-1.89939
104.601	-1.66647
88.1685	-1.53309
72.6404	-1.32211
101.145	-0.692358
128.967	-0.412942
113.608	-0.464888
108.494	-0.209404
113.31	-0.0016104
120.546	0.199053
104.987	-0.0661876
127.314	0.115694
114.605	-0.239852
120.494	-0.0721394
122.824	-0.206317
99.5516	-0.100381
90.611	-0.123911
100.055	-0.219018
89.8784	-0.520763
92.7418	-0.550844
74.2431	-0.353016
75.1715	-0.538499
58.5653	-0.612193
35.2572	-0.741517
32.1934	-0.919305
25.915	-1.04352
28.2071	-0.754066
27.3367	-0.806313
28.3266	-0.848262
23.8803	-0.657574
26.1413	-0.865995
25.8427	-0.843738
24.2053	-0.793141
22.1753	-0.547647
25.5889	-0.69218
24.8055	-0.772965
14.9994	-0.964367
24.6406	-0.775774
21.3913	-0.773279
22.8238	-0.780967
22.1395	-0.682034
23.4982	-0.789704
182.666	-1.25258
617.951	-2.11783
994.015	-1.79908
1298.83	-1.6766
1570.33	-1.56156
1592.75	-1.49219
1662.21	-1.31927
1392.48	-1.1481
809.663	-1.35618
691.2	-1.4777
646.835	-1.45308
641.243	-1.41797
857.439	-1.28379
1471.88	-1.14786
1487.69	-1.2816
1529.6	-1.18153
1518.12	-1.17862
1263.84	-1.34422
1100.31	-1.36812
855.135	-1.39098
550.899	-1.46298
337.688	-1.45189
236.338	-1.47113
257.77	-1.48828
370.125	-1.37525
562.514	-1.18209
691.447	-1.12686
760.312	-0.98104
819.776	-0.872895
719.289	-0.814466
208.972	-1.27309
462.768	-0.620015
759.523	-0.268231
725.36	0.00183189
653.788	0.114628
554.145	0.175469
490.239	0.189656
468.762	0.139213
522.92	0.0327584
565.33	-0.280729
366.836	-0.676629
207.675	-1.61249
178.691	-1.95727
177.968	-2.01737
169.27	-1.90996
122.226	-1.9826
85.8881	-1.91784
201.574	-1.4731
103.334	-1.09151
118.269	-0.47416
145.392	-0.261844
198.148	-0.151621
157.775	-0.274808
127.692	-0.640483
72.0996	-0.733736
41.4611	-0.962353
52.9655	-1.31164
99.5892	-1.75039
263.685	-1.71041
565.417	-1.67642
830.224	-1.62655
938.875	-1.63185
870.109	-1.6552
696.008	-1.73402
538.744	-1.72787
402.102	-1.71794
241.055	-1.71483
272.323	-1.19517
311.215	-0.412902
258.789	-0.00965658
131.378	-0.145152
42.6101	-0.853975
31.5323	-1.07375
29.6013	-1.12016
24.9025	-1.13298
22.7144	-1.09557
23.2164	-0.73482
40.8861	-0.275074
223.357	-0.489552
191.214	-0.524391
481.254	-0.245913
535.094	0.18234
468.674	0.235947
483.163	0.228819
473.05	0.109931
384.089	-0.157275
210.237	-0.843738
88.9922	-1.60942
68.2524	-1.62441
69.8488	-1.61049
58.3672	-1.53829
97.0075	-0.918264
40.887	-1.20866
37.7808	-0.873784
95.6774	-0.357965
218.106	-0.231607
267.263	-0.269884
301.502	-1.19627
636.211	-1.32461
1086.68	-1.22354
1150.06	-1.35591
1122.25	-1.47681
1071.03	-1.55427
883.701	-1.68564
606.21	-1.78978
263.07	-2.02424
191.492	-2.21493
196.272	-2.11941
166.883	-2.22331
181.171	-2.06366
158.532	-2.13907
143.494	-2.20522
122.555	-2.0685
105.033	-2.134
271.243	-1.54641
861.904	-1.58212
1085.29	-1.38618
938.224	-1.56808
660.593	-1.74357
381.17	-1.83573
304.838	-1.59243
274.707	-1.39387
239.456	-1.43322
274.604	-0.909576
245.98	-0.369447
115.06	-0.343688
48.4131	-0.696007
31.875	-1.08708
32.5842	-1.12142
25.024	-1.13881
28.0536	-0.899421
50.6324	-0.857113
50.9302	-0.758086
140.511	-0.511765
261.235	-0.428331
193.177	0.00327368
213.269	-0.693233
251.69	-0.811679
303.841	-0.383499
323.903	-0.240687
293.214	-0.288066
276.5	-0.498019
175.218	-0.90313
69.1276	-1.63827
50.2964	-1.63865
44.9728	-1.65513
42.738	-1.41483
39.7185	-0.949539
54.6963	-0.704376
81.6943	-0.125855
172.018	-0.577518
146.714	-1.19119
100.581	-1.42338
49.9237	-1.66687
38.9533	-1.39727
32.699	-1.26273
32.1001	-1.37732
102.079	-1.52986
250.547	-2.10766
592.457	-1.94822
997.807	-1.7656
1150.46	-1.62605
1373.68	-1.48226
1429.36	-1.50617
1175.98	-1.45536
324.949	-1.61885
149.053	-1.44376
780.997	-1.66792
759.866	-1.75882
471.646	-1.99923
215.392	-2.25915
85.977	-2.25761
93.8267	-2.05448
121.447	-1.97573
147.923	-1.86721
145.097	-1.95246
150.601	-1.99699
158.255	-2.02111
756.7	-0.957375
1191.5	-0.508297
1270.88	-0.359974
1343.08	-0.197083
1342.66	-0.157614
1268.04	-0.105927
1117.55	-0.123752
1006.83	-0.172203
868.354	-0.208477
663.761	-0.270047
423.279	-0.467674
265.924	-0.862929
221.466	-1.05484
190.519	-1.24073
127.162	-1.54985
96.0893	-1.56976
81.7686	-1.59311
85.4498	-1.49508
81.0138	-0.944135
104.05	-0.557989
204.993	-0.645293
215.74	-0.847796
239.201	-0.805905
268.983	-0.688824
265.699	-0.762757
288.718	-0.891484
292.592	-1.05929
218.319	-1.40092
103.542	-1.7235
73.0977	-1.75878
77.1594	-1.73141
87.5162	-1.8402
103.449	-1.85204
128.913	-1.91271
197.441	-2.02477
316.376	-1.87707
390.552	-1.67617
431.991	-1.43968
462.004	-1.33621
451.586	-1.36381
452.954	-1.41007
652.157	-1.41384
856.169	-1.45612
910.12	-1.39449
928.187	-1.37173
943.755	-1.36774
932.613	-1.36382
855.877	-1.37406
819.559	-1.34101
675.471	-1.43218
531.512	-1.60822
400.169	-1.72383
290.811	-1.83437
189.26	-2.00133
130.663	-2.03015
107.815	-2.0292
80.9125	-2.07939
81.6336	-1.89797
64.6384	-1.97726
60.6705	-2.07971
54.079	-1.99782
53.2532	-1.95068
52.2024	-1.84045
51.6099	-1.80457
48.94	-1.88558
49.6097	-1.62039
44.7861	-1.36026
56.4429	-0.871125
85.5629	-0.152943
107.175	0.193824
127.039	0.543917
129.578	0.739653
133.765	0.666453
163.403	0.569657
176.252	0.52441
159.463	0.678536
140.219	0.558044
152.84	0.381596
151.646	0.52405
130.331	0.424866
136.518	0.275277
125.189	0.30719
126.079	0.194606
98.6309	0.176989
64.4675	0.0218309
52.1537	-0.495541
41.8289	-0.428929
28.1904	-0.607046
27.8636	-0.532617
23.2097	-0.405572
22.0216	-0.495972
22.0201	-0.499755
20.6282	-0.753161
23.7029	-0.806141
21.3136	-0.652147
22.6801	-0.614105
