2.68486	0.437775
3.0997	0.664516
2.99257	0.722812
3.13135	0.592943
2.99833	0.598926
2.87729	0.720997
2.77556	0.781531
2.96303	0.634834
2.90813	0.592208
2.87814	0.732532
2.7919	0.504024
3.01785	0.568233
2.88588	0.620459
2.79466	0.687995
2.96552	0.6738
3.93941	1.89627
4.66913	2.06394
4.90543	1.99601
5.26052	2.20488
5.39608	2.15747
5.56274	2.00012
5.54534	1.99599
5.57309	1.90023
5.37075	2.09978
5.16728	2.00795
5.19942	1.94513
5.27243	1.97138
5.29898	1.91574
5.30797	1.93327
5.33445	1.97738
5.31689	2.04093
5.37559	1.99736
5.40518	2.01757
5.44648	1.92071
5.39281	1.98817
5.42634	1.91957
6.20827	1.54208
6.75316	1.6572
6.85486	1.47083
6.97246	1.29826
6.95924	1.27412
6.83943	1.4439
6.83752	1.40989
6.91712	1.16339
6.74751	1.29105
6.64213	1.25358
6.38706	1.17446
5.50276	0.860018
5.96849	0.550898
6.32006	0.769278
6.63449	0.577222
6.94551	0.0838025
6.99553	-0.0502393
6.91983	-0.0187034
6.79583	0.142092
6.72103	0.232493
6.55181	0.447987
6.04747	0.859349
4.67101	1.26945
4.44799	1.35496
4.72393	1.47291
4.79776	1.66039
4.995	1.6742
4.97309	1.75121
5.0515	1.80711
5.13995	1.80575
5.11859	1.85176
5.55454	1.6019
6.10374	1.62222
6.28317	1.67424
6.36411	1.55869
6.3809	1.46525
6.3584	1.43355
6.34291	1.22001
6.2262	1.0771
5.86627	0.909295
5.35662	0.708588
5.05237	0.397469
4.70558	0.343758
4.89479	0.475395
5.03162	0.542807
5.36551	0.531582
5.37911	0.838831
5.55865	0.974162
5.84146	0.940509
6.08129	0.975625
6.17775	1.11934
6.11182	1.26127
5.74422	1.48392
4.94731	1.87813
4.55539	1.88679
4.3853	1.99309
4.29184	2.0002
4.09229	1.89063
4.65993	1.09921
4.56797	0.983565
4.31278	0.711372
4.78383	-0.337383
4.81768	0.0826393
4.78616	-0.161728
4.67452	-0.266697
3.63601	0.487781
3.25415	0.480217
3.14587	0.813071
3.37375	0.989462
4.48739	1.9933
4.79833	2.18622
5.02674	1.92178
6.4546	0.503803
6.50085	0.925699
5.84323	1.57892
5.40896	1.91038
4.94809	2.03158
4.49949	1.95998
4.09894	1.77817
3.78916	1.41018
3.78405	1.20953
3.78384	0.636499
3.74663	0.140555
3.81629	-0.155486
3.90504	-0.417474
4.19487	-0.858496
4.4386	-0.939512
4.74584	-1.41547
4.80772	-1.01874
4.63433	-0.728594
4.26657	-0.641768
4.19771	-0.0961643
3.94179	-0.00595583
3.43198	0.435557
3.08217	0.611895
3.07508	0.375533
3.00428	0.621697
2.9039	0.612684
3.01348	0.724029
3.22889	0.653261
3.51626	0.640644
3.63257	1.14734
4.67317	1.28895
6.13047	1.25237
4.4452	1.26169
3.50194	1.44154
5.54382	0.151138
6.21558	0.719573
6.55375	1.18621
6.60003	1.16861
6.58762	1.22702
6.54845	1.26716
6.45842	1.38444
6.42619	1.36218
6.48958	1.16391
6.46059	1.20998
6.25676	1.51653
6.2273	1.59766
6.12569	1.80284
5.93051	1.94603
5.76048	2.05635
5.96661	1.96965
5.8378	2.10728
5.60179	2.21163
4.63581	1.86915
3.56637	1.79795
3.61449	1.59747
3.45904	1.64444
3.54057	1.62585
3.44142	1.59395
3.27584	1.45615
3.63339	0.91816
4.44232	0.266423
3.54277	0.952258
3.58537	1.11054
3.47422	1.26572
3.52382	1.07835
3.68904	1.11024
3.86383	1.58001
4.13883	1.81136
4.59961	1.79283
5.0666	1.81917
4.92008	1.96647
4.7165	1.54447
4.7079	2.00122
5.77585	2.2932
4.80759	1.75254
4.5988	1.43019
3.83833	1.56734
4.10505	2.18993
3.82819	1.93979
3.77447	1.94248
3.63141	1.76211
3.58599	1.57019
3.39048	1.54091
3.44993	1.33444
3.32304	1.35417
3.13038	1.22307
3.19608	1.04084
3.03479	0.811174
2.88662	0.625412
3.05945	0.458371
2.96395	0.553053
3.06971	0.742164
2.93498	0.647782
2.71657	0.509106
2.94181	0.587365
2.96817	0.620744
2.93285	0.527086
2.64177	0.688992
2.99023	-0.160205
3.1544	0.0225801
2.65486	0.685706
2.65339	0.530862
2.5811	0.728737
2.68332	0.660002
2.75283	0.762242
2.67475	0.684322
2.62822	0.4117
2.66627	0.287495
3.02995	0.553782
5.80144	0.263555
5.71735	0.440775
6.14036	1.38704
6.30063	1.28088
5.37272	1.18409
5.33612	0.866226
5.88427	1.22481
6.23314	1.46237
6.51541	1.39965
6.57538	1.44323
6.67386	1.36414
6.63174	1.47109
6.68975	1.32509
6.64017	1.29597
6.43211	1.34532
6.32857	1.27375
6.11286	1.17277
5.81981	1.15134
5.62372	1.16174
5.44074	1.18631
5.34329	1.15537
5.32889	1.11384
5.56321	0.863616
5.92527	0.500771
6.23317	0.434014
6.55355	0.368444
6.82168	0.410147
7.06813	0.507851
7.10656	0.710206
6.88944	0.963268
6.58761	1.17362
6.26804	1.31753
6.04063	1.43078
5.92116	1.43574
5.89581	1.55218
5.64133	2.06798
4.92333	2.24668
4.33336	1.64181
5.53639	1.37331
5.95045	1.81046
5.71972	2.10814
5.30778	1.57414
6.0768	1.73719
6.53672	1.80019
6.80215	1.51051
6.95041	1.35101
7.14217	1.20543
7.31231	1.01796
7.33146	1.02301
7.38586	0.930918
7.39934	0.936067
7.35964	1.03467
7.35363	1.06981
7.28448	1.1719
7.12971	1.34703
6.93432	1.53325
6.71891	1.44133
6.48866	1.41394
6.3985	1.39303
6.37154	1.33822
5.96394	1.56484
5.36652	1.63389
5.37119	1.59858
5.30021	1.69668
5.26335	1.7579
5.3797	1.67573
5.48483	1.68003
5.99032	1.67877
6.44542	1.26545
6.41881	1.24795
6.25117	1.39123
5.85966	1.6013
5.2832	1.58851
4.91488	1.86599
4.8361	1.93127
4.76336	1.91805
4.57199	1.86612
4.28483	1.93656
4.45334	1.82538
4.04151	1.88998
3.55709	1.43276
2.94327	1.0742
2.98547	1.02946
2.94866	0.949697
5.10005	0.586189
6.34882	0.482283
4.83722	0.450366
5.83796	1.65007
6.54098	1.41109
5.8678	1.83955
6.05586	2.26076
4.60346	2.33509
3.79622	1.7942
3.47202	1.60986
3.29103	1.69798
3.80225	1.12881
5.27411	0.699497
4.84232	1.01893
4.46385	1.32747
5.56292	1.7791
6.21721	1.23417
6.23336	1.20407
6.04095	1.25092
5.55588	1.45885
4.61954	1.52144
3.40382	1.49484
3.05759	1.25786
3.14599	1.18808
4.93951	0.545749
4.97099	0.495634
3.93793	0.780456
3.64047	1.15889
5.35265	1.75939
5.78781	1.64183
5.73891	1.77944
5.30335	1.44089
4.76248	1.24889
4.78337	0.358609
4.87496	-0.41745
4.78589	-0.637038
4.76031	-0.886363
4.78537	-1.27546
4.82193	-1.24535
4.68014	-1.1408
4.60682	-0.949832
4.64283	-0.714854
4.45242	-0.313768
4.67947	1.14155
5.40722	1.03303
5.81164	1.02927
5.62329	1.24243
5.63983	1.08757
4.65685	1.25172
4.37032	0.483337
4.48206	-0.134051
4.3877	-0.386288
4.08135	-0.0934458
3.47931	0.102229
3.47363	0.296769
3.25073	0.214457
3.08858	0.185787
3.13837	0.217342
3.3346	0.901622
3.33764	0.617166
3.79955	0.79785
5.06788	1.92031
5.55743	2.25312
4.88257	2.44249
5.04741	2.30041
4.95731	1.76707
4.68344	1.86176
4.62738	1.9052
4.68799	1.70803
4.77185	1.36284
4.77912	1.09461
4.90999	0.90383
5.05404	0.859339
4.79003	1.45847
4.20306	1.87813
3.96221	2.11934
3.92557	1.96307
3.91872	1.80772
3.84584	1.79043
3.6572	1.73001
3.24176	1.64276
3.14356	1.46049
3.09064	1.35446
2.94759	1.15364
5.09654	0.937747
4.65558	0.918834
4.2079	0.723127
3.6381	1.13322
3.98281	1.91463
5.00873	2.05581
5.21872	1.96037
5.21885	2.08709
4.67467	2.16519
4.03945	1.90341
4.72031	1.48047
5.10011	1.54376
4.69218	1.36596
3.74414	1.08415
2.92713	1.18646
2.97137	1.00654
2.89704	0.970685
2.93128	1.03277
3.86922	0.889794
4.72443	1.21558
3.86971	1.10855
5.16821	1.66599
5.78961	1.96095
5.95523	2.02143
6.18065	1.77121
6.25986	1.77858
6.3812	1.62625
6.33442	1.6669
6.23993	1.7305
5.95361	1.87326
5.46354	1.99401
4.55878	1.81162
4.36677	1.85499
4.2158	1.81529
3.96357	1.92536
3.73228	1.85535
3.59549	2.06699
3.68592	1.89952
3.408	1.69381
3.42595	1.50348
3.12512	1.48777
3.10035	1.21829
2.88802	1.11583
2.86599	1.14429
2.83785	1.17859
2.43005	0.398346
2.90318	0.453434
2.91421	0.623743
2.90901	0.54587
2.84428	0.40494
2.89617	0.567773
2.85198	0.47922
2.89328	0.679754
3.0994	0.757874
2.97687	0.742151
3.16877	0.50205
5.56105	0.477443
6.73404	0.812868
6.693	1.04598
6.29556	1.06315
5.93768	1.13711
5.59785	1.02227
5.32043	0.60438
5.3364	0.278596
5.33799	0.201517
5.14914	-0.190503
5.34338	-0.287134
5.33525	-0.406006
5.36279	-0.343325
5.40974	-0.313696
5.52513	-0.185153
5.73989	0.0142707
5.5221	0.00470646
5.46471	0.07892
5.55098	0.0552142
5.36367	0.322901
5.25004	1.29137
6.17865	2.02107
6.55466	1.88834
6.62057	1.89597
6.4858	1.89846
6.0772	1.95346
5.45054	1.96632
5.35599	0.784756
5.15463	0.0918482
5.1183	-0.228758
4.78756	-0.458927
4.82909	-0.624912
4.78583	-0.551627
4.62465	-0.0544146
5.30413	0.928357
5.98758	1.174
6.22742	1.28555
6.19919	1.05427
5.48139	1.32882
5.72211	1.61066
5.84512	1.66732
5.63293	1.81125
5.50622	1.77664
5.37074	1.7569
5.2107	1.8298
5.15259	1.85312
6.08357	1.79815
6.56068	1.92726
6.65355	1.88142
6.53402	1.80596
6.21194	1.89245
5.75972	1.87603
4.95583	1.87754
3.88261	1.8643
3.47566	1.42245
3.40462	1.18412
3.58923	1.3724
3.90932	1.51508
3.56069	1.80951
4.74073	2.2068
5.14186	2.39606
5.24826	2.30221
5.30087	2.11034
5.21625	2.01865
5.00248	2.01382
4.62067	2.1701
4.32073	1.85379
4.29304	1.62434
4.6276	0.735497
4.98489	0.386203
4.96281	0.142313
5.03257	-0.0269784
4.7246	-0.133642
4.89749	-0.0646923
5.26717	-0.177463
5.1274	0.329116
4.77332	0.438708
5.46652	0.871833
6.03896	0.951184
6.19271	1.03366
6.27365	1.04889
6.22022	1.05157
5.94602	1.26346
5.5007	1.53646
5.0207	1.69462
4.5807	1.80445
4.3777	1.96534
4.47731	1.93254
4.3212	2.17452
4.60693	2.00382
4.78977	1.8993
5.02746	1.85254
5.1896	1.87404
5.44762	1.82423
5.63007	1.69381
4.66752	1.48844
3.96977	0.949489
4.91364	0.354573
4.40673	0.715131
4.28348	1.84392
6.09993	1.74627
6.42685	1.74768
6.7005	1.55173
6.64218	1.72465
6.74725	1.54878
6.74898	1.42565
6.69616	1.26439
6.51018	1.14328
6.34012	0.829776
6.09942	0.464024
5.9377	0.203297
5.70931	0.0658209
5.36121	0.191459
4.98087	0.565809
4.63636	0.924471
4.59194	1.03479
4.44444	1.03862
4.45274	1.16976
4.3514	1.27928
4.44188	1.29769
4.39564	1.28833
4.40054	1.27911
4.38326	1.12325
4.44098	0.637004
4.62728	0.022265
4.8244	-0.455658
4.82544	-0.792819
4.89703	-0.733205
4.96543	-0.901176
5.14249	-0.919551
5.10013	-1.06906
4.84261	-0.93659
4.71914	-0.783791
4.51189	-0.34506
4.02993	0.282252
3.87875	0.947971
4.46886	1.70287
5.64853	1.92101
5.82095	1.86318
6.15564	1.61833
5.90356	1.65511
6.25356	1.79058
5.44747	2.00943
6.09567	2.09754
5.0871	2.19974
5.50689	2.2522
5.06816	2.47377
4.76569	2.24329
4.46191	2.2103
4.02852	2.04556
3.67736	1.95493
3.4739	1.51557
3.23273	1.19836
3.20072	1.18759
3.08552	1.14764
3.14578	1.20527
3.05859	0.98735
2.86695	0.797716
2.80945	0.796251
2.96217	0.709419
2.94472	0.62392
2.96257	0.488236
2.81947	0.747907
2.81941	0.547474
3.07509	0.707683
2.86414	0.776572
2.89379	0.593568
2.99011	0.482955
2.90912	0.695488
2.94786	0.640469
2.98005	0.564849
2.82829	0.72957
2.90827	1.07276
3.11345	1.23279
3.42116	1.71326
3.56498	1.5722
3.61537	1.5314
3.69867	1.65328
3.50949	1.67819
3.69397	1.33193
4.92228	0.930346
4.71796	0.990705
4.76778	0.8153
4.90483	0.975792
4.95359	0.944259
4.88314	0.782071
4.70386	0.76605
4.71425	0.534481
4.84056	0.3982
4.71886	0.0640587
4.86219	-0.076588
4.90312	-0.247241
4.92272	-0.558346
5.0204	-0.388611
4.88502	-0.550514
4.92102	-0.509066
4.89283	-0.486342
4.79814	-0.183186
4.60613	0.539096
5.61367	1.26892
6.11861	1.59534
6.31524	1.56876
6.36724	1.70675
6.48152	1.6251
6.53229	1.51171
6.40632	1.55509
6.3066	1.51195
5.96804	1.6206
5.33468	1.94337
5.10096	2.00831
4.98918	2.05809
4.96034	2.13116
4.98659	2.07989
4.97039	1.93654
4.76772	2.06463
4.82843	1.9723
4.58205	2.05487
4.62942	1.97452
4.87801	1.20096
5.25831	0.267157
4.20479	0.738736
5.36822	0.103669
4.70489	-0.098229
5.10096	0.262339
5.47945	0.571752
4.66305	0.534734
4.64056	0.207597
4.89755	-0.052722
5.84688	0.304841
6.15358	1.12565
7.07364	1.318
7.11045	1.45903
7.11284	1.59297
7.06562	1.71283
6.89768	1.92186
6.6694	2.06775
6.27975	2.19559
5.77408	1.9354
5.19369	1.17212
5.2903	0.310515
5.49699	-0.108863
5.5853	-0.353778
5.43637	-0.113571
5.25858	-0.352147
5.12579	-0.366629
5.14521	-0.114525
5.54856	1.23198
6.78318	0.602074
6.94193	0.171233
6.82025	0.0704624
6.20882	0.190913
4.90838	0.611709
3.94	1.27288
3.6129	1.26145
3.36362	0.930882
3.60721	0.550167
4.50095	0.457395
5.16458	0.684701
4.50612	0.780287
6.33961	1.42817
6.65177	1.72134
6.49942	1.94743
6.36609	2.02778
6.0961	1.9757
5.28327	2.26694
5.11888	2.04915
5.16975	1.86437
5.1628	1.93287
4.92768	2.0371
5.01057	1.91165
4.94709	1.88877
4.90072	1.87624
5.01591	1.9274
5.10406	1.95047
4.88452	2.11177
5.08245	1.82885
4.98247	1.93243
4.97005	1.81677
4.84893	1.92585
4.51877	2.00979
4.23366	1.71143
4.072	1.71714
3.88774	1.65917
3.72704	1.58631
3.68131	1.66354
3.4638	1.62112
3.23934	1.49917
3.17605	1.53971
3.22734	1.08934
3.30365	1.29156
3.31671	0.917072
5.31523	-0.372094
4.73358	-0.316276
5.39189	0.0434152
5.12119	0.0127701
4.60657	0.329408
4.71683	0.772238
6.28203	0.552854
6.31507	0.921415
6.0717	1.53963
6.17757	1.37955
6.19016	1.25714
5.94402	1.04117
4.76741	0.927215
3.57979	1.10512
3.3685	1.03837
3.18075	0.918461
3.18147	0.778691
3.21258	0.910688
3.13556	0.813096
3.12957	0.9585
3.02092	0.898148
4.59074	0.368174
4.60429	0.615542
4.89012	0.791404
5.4956	1.53373
6.18061	1.65318
6.38513	1.79647
6.44387	1.86571
6.19032	2.10172
5.67686	2.15906
5.24037	1.81932
4.77761	1.12603
4.92582	0.218122
4.53316	-0.161091
4.37503	-0.0438726
4.25748	-0.0642366
4.20859	0.0201778
4.16868	0.13288
4.00126	0.427559
4.04224	0.103785
4.04603	-0.0944803
4.08213	-0.293775
4.54389	-0.513467
4.8875	-0.490115
4.98477	-0.401089
4.55513	0.300401
4.92886	1.62935
4.42914	1.59897
4.53429	0.981574
4.46745	1.2439
5.02849	2.08875
5.12197	2.37883
4.88272	2.3751
4.80354	2.22129
4.81607	1.99566
4.56468	2.04717
4.36396	2.07833
4.35205	2.11901
4.37224	2.14651
4.70458	2.10881
5.17045	2.03978
5.49409	2.11612
5.78444	2.03817
6.00469	1.89477
6.00971	1.969
5.90674	2.01229
5.31838	2.03793
5.53496	2.10289
5.33313	2.0842
5.30312	2.07165
5.24285	2.0942
5.19903	2.14664
5.12148	2.11955
5.04636	2.06191
4.83057	2.01366
4.12832	1.86785
3.28817	1.44601
2.99521	1.13584
3.07678	0.900346
3.16884	0.992201
3.11327	0.997265
3.17285	0.89128
2.95563	1.01115
3.33439	0.450639
4.38099	0.300656
3.3957	0.36456
3.50976	-0.0690558
4.04718	-0.410394
4.49918	-0.499191
4.53571	-0.129126
4.46194	-0.297839
4.60577	-0.258487
4.50174	-0.281298
4.45616	-0.584989
4.46976	-0.614484
4.43594	-0.29467
4.49922	-0.103947
4.18658	-0.279641
3.99069	-0.173721
3.69205	-0.255547
3.47956	0.114909
3.15015	0.522084
2.97941	0.59466
3.10184	0.368966
2.95803	0.566467
2.92137	0.619131
2.86003	0.611926
2.97734	0.393593
2.85817	0.594304
2.89208	0.684083
2.8306	0.456621
2.87124	0.702418
2.8755	0.632859
3.03105	0.657414
3.13263	0.609714
3.23372	0.491622
3.11024	0.572673
2.93088	0.571814
3.02607	0.615935
2.99254	0.577316
3.20895	0.623187
3.10047	0.672147
3.07615	0.422911
3.23152	0.672086
3.32162	1.01381
3.65315	1.57463
3.81871	1.67413
3.92074	1.63943
5.06181	0.717159
6.05315	0.778433
5.99711	1.55765
6.30806	1.53292
6.40005	1.54391
6.38199	1.4716
6.34635	1.46711
6.1176	1.36927
5.80852	1.42127
5.62045	1.25959
5.50466	1.04192
5.37128	0.620443
5.50304	0.424412
5.45391	0.113446
5.42383	0.147813
5.30902	0.00683316
5.2674	0.0574671
5.37335	0.0139186
5.13703	0.376045
5.16303	1.18586
5.56509	1.62975
5.76349	1.84125
6.01404	1.84308
6.30425	1.81771
6.45924	1.84566
6.49377	1.95065
6.33227	2.14878
6.29374	1.98932
5.88079	2.25857
5.56255	2.11625
5.17816	2.10892
4.85139	1.99737
5.04106	1.82533
4.63323	2.05212
4.49083	2.03789
4.42457	1.9066
4.38566	1.4786
4.71636	0.545922
5.04736	-0.000218451
5.21747	-0.152929
5.41057	0.193335
5.44127	0.824131
5.41259	1.2253
5.69969	1.38165
5.82327	1.41042
5.80492	1.59489
5.76736	1.64245
5.78327	1.5758
5.56819	1.6993
5.36492	1.51456
5.07021	1.2596
5.03962	0.742708
5.18827	0.0109329
5.35584	-0.211614
5.38234	-0.429829
5.1079	-0.631982
5.00008	-0.923712
5.115	-0.709639
4.99322	-0.450469
4.58116	-0.238605
4.61685	-0.131794
4.03703	0.0413452
3.46227	0.476135
3.62004	0.533456
3.70862	0.412545
4.62045	1.11249
6.82899	0.978488
6.25202	1.60767
5.62522	1.2171
6.05907	0.957059
6.47649	1.14202
6.59117	1.43895
6.76022	1.30843
6.79149	1.12973
6.6938	1.06638
6.49145	1.04998
6.20378	1.09524
5.8263	1.15924
5.45473	1.21873
5.34445	0.958912
5.04736	0.975161
4.97243	0.775761
5.09312	0.700629
5.05574	0.546017
4.99865	0.9271
4.95639	1.17727
4.89997	1.00784
4.76019	1.38936
4.65769	1.56896
4.74601	2.03496
5.235	2.01191
5.70109	1.9923
5.81985	2.11046
5.84353	2.20191
5.84555	2.32025
5.74167	2.46417
5.72297	2.21908
5.08785	2.62835
4.58911	2.44628
4.34141	2.16985
4.11126	2.12294
4.02202	2.01628
3.87381	1.93885
3.84002	1.91517
3.95531	1.90512
4.16149	2.09734
4.8291	2.22461
5.65805	2.17627
5.97349	2.15554
6.12962	2.05756
6.0742	2.14652
6.17147	1.93302
6.12503	1.70384
5.52736	1.99576
4.49911	2.03382
4.363	2.02697
4.21657	2.11861
4.49165	1.76917
4.53338	1.6586
4.52632	1.84761
4.9369	1.81328
5.34911	1.72902
5.53345	1.77698
5.75299	1.80563
5.75749	1.85574
5.62909	1.58473
5.1702	1.98134
5.06038	1.84792
4.85884	2.08545
4.60657	2.16525
4.3978	2.08941
4.29031	1.88795
4.03379	1.70045
3.9521	1.59623
3.67696	1.45738
3.61184	1.29988
3.9182	0.48523
3.54594	0.707404
3.28879	0.921261
3.33591	0.862844
3.21632	0.772396
3.22736	0.785173
3.09409	0.839746
3.159	0.492884
3.11565	0.504633
3.05879	0.507498
3.00194	0.645568
3.19059	0.764754
3.039	0.808798
3.02872	0.583875
2.49185	0.598052
2.90239	0.653916
2.82847	0.487548
2.88384	0.874154
2.85714	0.653611
2.77671	0.571455
2.82642	0.49576
2.79619	0.496192
2.86339	0.553088
2.845	0.583147
2.71876	0.484421
2.78955	0.559864
2.76137	0.821621
4.93445	-0.107016
5.8142	-0.0712167
4.90013	0.181489
4.30364	0.815361
4.37014	1.85217
4.72351	1.88893
5.12762	1.76325
5.14551	2.01541
5.31503	1.97276
5.46843	1.97217
5.50763	1.89337
5.45032	2.00855
5.55404	1.87202
5.5604	1.69722
5.07879	1.76994
5.02197	1.64385
4.93227	1.70543
4.90495	1.75122
4.91587	1.69446
4.82743	1.73826
4.7113	1.73389
4.54554	1.75749
5.27294	1.30502
6.23687	1.46463
6.61456	1.31876
6.64411	1.03019
5.60428	0.866795
6.07135	1.25415
6.79949	1.42667
7.17625	1.31956
7.28695	1.2994
7.17766	1.45483
7.16208	1.47258
7.09899	1.57046
7.17289	1.43759
7.10656	1.45333
7.01442	1.42418
6.56348	1.56772
5.38044	1.74054
4.04171	1.94002
3.81452	1.72225
3.58864	1.67776
3.50853	1.35402
3.29878	1.09722
3.34472	1.12181
3.24171	0.913737
3.13216	0.918796
3.46438	0.719675
4.31154	0.710416
4.51737	0.933611
5.72742	1.69075
6.02633	1.95979
5.68479	1.76968
5.31172	1.38163
5.94004	1.78953
6.23365	1.62002
6.49472	1.68221
6.28758	1.8134
6.46863	1.79904
6.51347	1.7413
6.44549	1.62477
6.20416	2.3181
5.57403	2.19585
5.92642	2.14198
5.869	2.09023
5.53679	2.0073
5.47059	1.83898
4.24028	2.03623
3.52212	1.55235
3.34473	1.2869
3.16946	1.30823
3.31032	1.21891
3.10476	0.856807
3.35488	0.857622
4.71934	0.422493
4.60906	0.387877
5.04035	0.300983
3.99934	-0.0744415
4.22565	0.0683318
4.15052	0.413551
5.36721	0.397793
5.72661	0.41665
5.43408	0.831351
5.50323	0.897581
5.52299	1.06079
5.55958	1.15043
5.66009	0.904123
5.58515	0.824786
5.39217	0.91036
5.26662	0.962618
5.32694	1.18575
5.65432	1.47868
5.71348	1.83745
5.7797	1.83362
5.64625	1.90703
5.67392	1.75807
5.27026	1.87462
4.55245	1.79181
4.34782	1.64664
4.26959	0.942226
4.41546	0.344621
4.33454	0.000786344
4.19826	-0.196908
4.20656	-0.313715
4.32768	-0.484276
4.14393	-0.476996
4.17932	-0.392286
4.37648	-0.253713
4.191	0.0818161
3.81358	0.754389
3.93346	1.21828
5.56166	1.57481
6.16699	1.49699
6.3355	1.36007
6.2144	1.49159
6.15698	1.58881
5.83455	1.71307
5.68934	1.56558
5.47766	0.879889
5.10373	0.575232
4.9833	0.944661
4.68306	1.62164
4.15372	1.73147
3.48958	1.38662
3.18232	1.11247
2.98391	1.01269
2.91526	0.736977
2.85291	0.974711
2.7672	0.76
2.96975	0.72448
4.52446	0.693728
4.40644	0.764429
5.21703	0.765968
4.8176	0.996379
3.96263	1.44158
5.26321	1.61072
5.87767	1.68755
5.99239	1.88484
6.06032	2.01682
6.09362	1.93525
6.02903	2.00212
5.97831	1.93585
5.8814	2.04273
5.83744	2.07713
5.74367	2.13677
5.51972	1.89196
4.70672	1.37305
4.10581	0.799846
4.34921	0.333893
4.57627	0.633606
4.98939	1.11668
5.12088	1.03813
5.37383	0.6844
5.45012	0.508048
4.73247	0.77561
4.92758	0.570287
4.52635	0.49687
4.37534	0.619037
4.21532	0.887461
4.16267	0.805793
3.9346	0.925173
3.26515	1.17719
3.02055	0.797412
2.86987	0.651083
2.88614	0.683417
2.85138	0.698472
2.85999	0.671051
2.95484	0.576208
2.83778	0.442163
2.85265	0.508766
2.67622	0.599027
2.86796	0.659676
2.74588	0.512316
2.76223	0.693144
4.24284	0.72331
4.2269	0.722302
4.78412	0.727807
4.11093	0.617297
3.44319	0.350786
3.34141	0.760345
3.1953	0.915686
2.99485	0.691481
2.96192	0.382209
2.9697	0.638013
2.99328	0.688123
2.80697	0.750263
2.75545	0.52711
2.87046	0.593262
2.73463	0.423304
2.80317	0.440523
2.74175	0.604932
2.70534	0.523348
2.70642	0.732936
2.91842	0.407462
2.8319	0.601949
2.792	0.535282
2.83628	0.479852
2.76117	0.631621
2.81451	0.526382
2.7924	0.604501
2.9887	0.91281
3.31413	1.2283
3.49298	1.52677
3.79086	1.52964
3.99585	1.09377
4.61771	1.55874
6.46017	1.67767
7.17362	1.49687
7.2597	1.20517
6.95192	1.14479
5.96941	1.42404
4.70026	1.52641
3.87285	1.44957
3.56101	1.31416
3.49359	1.15548
3.32942	1.14466
3.20005	1.06738
5.22138	0.419564
5.58296	0.51421
4.52602	1.17535
5.99578	1.06871
6.42032	0.915726
6.43953	0.978065
6.34758	1.07415
6.03168	1.20645
5.11836	1.46083
4.11223	1.46743
3.63226	1.40693
3.43003	1.30614
3.6379	0.901516
4.3826	0.378776
4.85657	0.606823
4.91215	0.864139
4.86836	1.35603
5.9417	1.53562
6.16822	1.35842
6.13272	1.38276
6.05199	1.37371
5.89951	1.3204
5.59273	1.36328
5.28526	1.38379
4.96778	1.06835
5.01507	0.559194
4.76449	0.26799
4.50781	0.107651
3.93813	0.445585
4.402	1.0727
4.94129	-0.0502333
4.51459	0.323649
4.62756	0.793675
4.15943	1.47805
4.39519	1.54489
4.48076	1.59478
4.59069	1.55218
5.08066	1.03397
4.82817	1.46417
4.74227	1.60125
4.57166	1.78291
4.45447	1.93043
4.4706	1.85449
4.50815	1.77193
4.44927	1.84369
4.20523	2.00497
4.07225	2.04181
3.9161	1.94114
4.15845	1.27067
4.13176	1.10544
3.83812	0.565412
3.86664	0.105439
4.20746	-0.252002
4.06867	-0.409476
4.44263	-0.64576
4.44391	-0.845448
4.59781	-0.350462
4.59677	-0.28607
4.29271	-0.242151
4.15176	0.173938
4.90131	0.839868
5.5818	0.765514
5.53002	0.803415
5.67095	0.744425
5.84149	0.687825
5.89698	0.677168
5.9226	0.572673
5.91153	0.704341
5.77978	0.850049
5.8496	0.839972
5.95634	0.904777
6.08649	0.942285
6.241	1.03335
6.45818	0.970335
6.60184	0.867714
6.62419	0.903774
6.60815	0.957374
6.57526	1.02334
6.52832	1.09329
6.39232	1.18962
5.96294	1.36176
5.20293	1.5894
4.87362	2.00009
4.95746	1.90765
5.01221	1.72575
4.93121	1.87745
4.98593	1.81479
4.94806	1.87344
4.97304	1.90076
4.90664	2.05227
4.95522	1.90752
4.91193	2.01597
4.95982	2.08805
5.9664	1.54117
6.13632	1.53202
5.90512	1.68764
5.77213	1.63476
5.49444	1.74794
5.11207	1.7958
4.802	1.63624
4.47439	1.31599
4.51771	0.925242
4.40681	0.460262
4.35881	0.305195
4.40503	-0.0930182
4.38054	0.271882
4.55076	0.527863
4.78454	1.10724
5.256	1.37163
5.59904	1.3375
5.86348	1.20397
5.88038	1.32499
5.95111	1.30886
5.57384	1.34002
4.62232	0.614596
5.05379	0.12072
5.58336	1.0247
5.98913	1.39998
6.15711	1.50838
6.12775	1.50448
6.0129	1.61123
5.94673	1.60733
5.79226	1.82827
5.85563	1.76878
5.8294	1.76281
5.77853	1.82149
5.67977	1.84941
5.57464	1.82899
5.45722	1.77049
5.46141	1.8474
5.7325	1.77016
5.94712	1.74697
6.21979	1.64454
6.47149	1.50903
6.50447	1.53553
6.46161	1.65301
6.36319	1.7557
6.20664	1.75999
5.89766	2.00981
5.69019	2.02481
5.37674	1.98125
4.97937	1.87029
4.90358	1.00327
5.134	0.354221
4.82307	-0.0673476
4.43558	-0.288934
4.82552	-0.557003
4.60902	-0.509108
4.61535	-0.342028
4.41324	-0.299785
4.05542	0.0493659
3.6086	0.775505
3.958	1.51559
4.4291	2.06315
4.90998	1.90494
4.76557	1.96474
4.77859	1.77581
4.63174	1.82993
4.58738	1.62978
4.38727	1.65805
4.18193	1.56709
3.91217	1.45372
3.41688	1.5028
3.21413	1.29443
3.11716	1.22972
3.05285	1.21789
3.07199	0.796113
2.92967	0.831809
3.94629	0.839203
5.46078	0.458335
4.94181	0.424692
5.10533	0.604819
5.73908	0.856993
5.66763	0.93901
5.33443	1.37889
4.5838	1.7876
4.54741	1.87612
4.44004	1.99933
4.32645	2.07978
4.27914	1.92442
4.14897	1.98327
3.9202	1.88417
3.69556	1.72282
4.33347	0.957358
4.82291	-0.195014
4.29659	-0.214309
4.16261	-0.165739
4.04755	-0.278627
3.77213	-0.136973
3.65167	-0.152868
3.58956	-0.154852
3.40036	0.133693
3.27268	0.333878
3.13239	0.473648
3.31142	0.510909
4.58784	0.635717
5.03121	0.705854
5.43309	1.55265
5.53184	0.640786
4.3025	-0.485437
4.83914	-0.763658
4.73878	0.0803382
5.65337	1.21043
5.86102	1.26921
5.72402	1.34672
5.29947	1.2939
4.83463	1.22553
4.61024	0.494774
4.72544	-0.0761687
4.60649	-0.105786
4.64298	-0.440239
4.50046	-0.496587
4.45545	-0.389592
4.3559	-0.37491
4.20972	0.0586609
4.08016	0.59044
3.93074	1.12195
3.93471	1.0342
3.98288	0.970183
3.90829	1.49628
5.37115	1.7748
5.82487	1.80389
5.04955	1.97765
5.6522	1.91043
4.93021	2.20873
5.21006	2.09764
3.95632	1.55161
3.69934	1.21557
4.33024	2.14971
4.84653	2.29959
3.90828	1.71831
3.69602	1.81118
4.11231	1.83063
4.05802	1.83571
3.89622	1.78018
3.88844	1.71475
3.65854	1.75315
3.57253	1.7295
3.64941	1.56196
3.42402	1.59202
3.2637	1.40661
3.28844	1.55357
3.17591	1.34762
2.89955	0.925444
2.93692	0.808653
4.51382	0.037099
4.05377	-0.259247
3.95492	-0.906021
4.19822	-0.79511
4.36026	-0.826271
4.225	-0.690182
4.29724	-0.669132
4.12136	-0.717479
4.03065	-0.523214
3.98949	-0.716945
3.72238	-0.621363
3.47565	-0.300636
3.38679	-0.0406339
3.06223	0.629476
2.82634	0.615672
2.74775	0.641072
2.89594	0.649791
2.89194	0.601429
2.84787	0.623706
2.84076	0.466534
2.79653	0.454875
2.75806	0.497688
2.75929	0.456436
2.90694	0.311338
2.68169	0.536822
2.69916	0.520605
2.91116	0.540662
2.98312	0.735016
2.96886	0.550281
2.85723	0.656984
3.00877	0.7607
2.91857	0.604983
2.81223	0.629099
2.76617	0.494607
2.94042	0.533105
2.97092	0.61088
3.19773	0.831149
3.36656	1.22194
3.61367	1.1639
4.43357	0.260991
4.95927	-0.0329525
5.1813	-0.0980288
5.25655	-0.0250028
5.55432	0.0458568
5.94312	-0.0463188
6.10524	0.245778
6.77717	0.249783
7.03797	0.546303
7.05388	1.06952
6.99755	1.35743
6.88243	1.62815
6.65532	1.77721
6.21455	2.03968
5.66093	1.99925
5.22797	1.78261
5.23137	1.8302
5.34328	1.77571
5.33334	1.8341
5.47427	1.58005
5.85467	1.43314
5.75651	2.35828
6.08461	1.9781
6.14805	1.85903
6.15254	1.75197
6.10967	1.69597
5.94293	1.69193
5.48193	1.76602
4.43401	1.78415
3.72441	1.72406
3.63501	1.68555
3.48917	1.72343
3.48862	1.41026
3.32543	1.19465
5.09244	-0.291562
5.41715	0.0759704
5.50895	0.611956
4.60302	0.617757
5.18231	1.59792
6.08349	1.25796
6.29607	1.0061
6.25147	1.0026
5.93619	1.04257
5.27361	1.11028
4.07412	1.40379
3.49742	1.58671
3.8206	1.29921
3.93416	1.24113
4.0974	0.310305
4.22506	0.228569
4.9331	0.421298
4.98638	1.04733
5.33856	1.15556
6.40434	1.63023
6.23781	1.86941
6.80133	1.4651
6.72835	1.43745
6.73262	1.41924
6.5404	1.43722
6.46259	1.54239
6.64456	1.4343
6.43312	1.68164
6.16548	1.91042
5.8326	1.93438
5.12799	2.18965
4.88323	1.99604
4.85644	2.07007
4.95247	2.01918
5.00139	1.93333
5.04768	1.83068
5.05961	1.88974
5.02863	1.98052
5.17069	1.75293
5.16203	1.83627
5.21003	1.72432
5.19836	1.65635
5.21395	1.59023
5.1388	1.55376
5.14938	1.6408
5.66698	1.70349
5.81012	1.64275
5.84431	1.60376
5.97666	1.48114
6.06792	1.43316
6.08477	1.44425
6.07189	1.4481
5.97494	1.50208
5.80154	1.52352
5.34277	1.61189
4.68413	1.69586
4.0905	1.8711
3.89973	1.70881
3.64831	1.65488
3.44965	1.69348
3.32111	1.41631
3.47431	1.25342
3.47087	1.38744
3.86363	1.65542
4.47152	1.76863
5.15918	1.85921
5.54712	2.01083
5.9682	1.69636
6.05705	1.50548
6.07535	1.46167
6.29631	1.42889
6.62863	1.24964
6.76921	1.23342
6.58414	1.49527
6.38625	1.62219
6.40489	1.58565
5.93635	2.08823
5.58424	1.99307
6.07276	1.7664
5.88471	1.84452
5.98817	1.73963
6.49809	1.55423
6.0543	1.72589
6.67563	1.54666
5.93183	1.6795
6.55703	1.4507
6.02011	1.51183
6.30611	1.32849
5.84681	1.72396
6.06316	1.55099
6.13554	1.66726
6.31149	1.64375
6.37213	1.71903
6.39126	1.68651
6.22738	1.88788
5.87237	2.23963
5.53703	2.48462
5.22723	2.42021
4.78399	2.25548
4.6585	1.8829
4.42346	2.01413
4.22341	2.16139
4.15326	1.93316
3.98719	1.85285
3.71923	1.75264
3.77017	1.59381
3.70013	1.40983
3.69601	0.675413
4.03061	-0.264089
4.09096	-0.385241
4.59669	-0.519311
4.42125	-0.456815
4.51808	-0.448577
4.63065	-0.463075
4.48146	-0.431167
4.50504	-0.463121
4.14716	-0.27305
3.93036	0.131312
3.91241	0.632327
5.00312	1.07486
5.68549	1.13395
5.99362	0.846468
6.01318	0.991635
6.17775	1.10017
6.22114	1.29993
5.99856	1.40856
5.86412	1.70951
5.15309	1.71784
4.72495	1.43346
4.68143	0.789735
4.62803	0.379691
4.7837	-0.0672188
4.67951	-0.326942
4.83544	-0.557089
4.77382	-0.353548
4.84258	-0.259176
4.34649	0.343158
3.23968	0.923154
2.9597	0.701714
3.18082	0.709127
3.17409	0.709833
3.32417	0.544689
4.83035	0.635062
4.94416	0.165514
5.09699	0.877213
5.69364	1.63161
5.171	1.94621
5.26864	2.07854
5.75688	1.92527
6.0163	2.01408
5.95638	2.17463
5.85369	2.22015
5.82969	2.01628
5.60636	1.98531
5.31481	1.82252
5.19724	1.79643
4.75434	1.82541
4.3519	1.74449
4.24723	1.21246
4.30771	0.489795
4.49076	0.196403
4.35951	0.0325963
4.41494	-0.180168
4.37921	-0.292995
4.47232	-0.355977
4.43987	-0.146857
4.21684	0.0175065
4.05318	0.118093
3.94213	0.507046
4.09789	1.02162
5.0651	0.977891
4.99904	0.891907
4.61435	1.13503
4.1864	1.21999
3.75536	1.18364
3.29823	1.27825
3.10961	0.916239
2.86386	0.791442
2.96122	0.72635
2.96621	0.662488
2.97076	0.680399
2.89019	0.688847
3.04117	0.694359
4.41996	1.40803
4.33426	1.45265
3.45355	0.929337
3.84619	1.49738
3.4746	1.17819
3.39094	1.3899
3.85256	1.78911
4.20827	2.25922
4.32862	2.33548
4.20867	2.21732
4.08863	2.00826
4.06227	1.98458
3.99017	2.04722
3.95279	1.88212
3.74486	1.91174
3.66047	1.70809
3.46968	1.64521
3.304	1.2156
3.171	1.02637
2.89138	0.847842
5.05114	0.646363
5.19482	0.554721
4.525	0.193302
4.2006	0.510489
3.97334	0.628115
3.77261	0.77048
3.74438	1.02727
4.20172	1.33307
4.86063	1.90272
4.88891	2.00275
5.41645	1.89918
5.98314	1.93246
6.18158	1.70649
5.98107	1.77451
5.32854	2.16017
4.98737	2.08265
4.7731	2.02862
4.49239	2.08141
4.34186	1.90452
4.07426	2.07046
3.92611	1.89428
3.71669	1.90531
3.7024	1.92863
3.66252	1.67074
3.42323	1.70728
3.31354	1.38623
3.27506	1.20974
3.23609	1.1824
3.29448	1.2534
3.3155	1.27665
3.25491	1.29129
3.357	1.09279
3.2696	1.16374
3.07064	0.788917
2.99642	0.878573
2.94512	0.811609
2.95732	0.686107
2.94645	0.509455
2.8442	0.676155
2.95978	0.577246
2.94387	0.59348
2.83303	0.638623
2.84968	0.668994
2.88359	0.509203
2.28972	0.545328
2.6231	0.576287
2.72039	0.431374
2.72382	0.57227
2.75223	0.767376
2.9348	0.611689
4.17032	1.49155
5.51597	1.40688
3.63304	1.3335
4.20749	1.76539
5.09882	1.51854
6.05375	1.38744
6.2177	1.33806
6.77492	1.52277
6.66563	2.09686
6.68824	1.99545
6.81392	1.75644
6.63505	1.9011
6.50616	1.9013
6.37866	1.93204
6.28494	2.01619
6.32861	2.02304
6.38054	2.06681
6.59487	1.90627
6.84699	1.72883
7.08261	1.40067
7.18246	1.31101
7.13278	1.38016
7.04813	1.46421
6.89426	1.61107
6.65521	1.77252
6.15195	2.0485
5.22233	2.23101
4.67694	1.84304
4.59573	1.79901
4.32595	1.8617
4.0579	1.85654
3.84363	1.93354
4.88128	0.295661
4.44283	0.18933
4.66245	-0.274979
4.81957	-0.514031
4.91699	-0.360938
5.0757	-0.307797
5.01152	-0.0625122
4.94321	0.612562
5.12572	1.09249
5.31891	1.28146
5.32	1.10948
5.26453	1.05426
5.27405	0.881533
5.15899	0.981289
5.12358	0.873862
5.05462	0.728124
5.10405	0.548735
4.9916	0.428095
4.83631	0.696032
4.89846	0.62597
4.70521	0.722669
4.30197	1.04866
4.07702	1.18964
3.96679	0.905064
4.18103	0.846884
4.30175	1.2149
4.72391	1.35999
5.15783	1.76128
5.74457	1.64915
6.06992	1.65335
6.25155	1.61405
6.36135	1.43974
6.41939	1.27548
6.38556	1.26529
6.39463	1.1115
6.35292	0.95524
6.20423	0.974984
6.0487	1.04733
6.06872	0.794163
6.1358	0.560202
6.21929	0.391684
6.3139	0.398647
6.44515	0.41286
6.5055	0.527167
6.54411	0.69451
6.44433	1.127
6.52542	1.16401
6.20284	1.58384
6.16775	1.75116
6.11363	1.82369
5.77787	2.00808
5.60499	2.15058
5.65167	2.03587
5.3785	1.95899
5.19915	2.07246
5.00326	2.32262
4.80905	2.07823
4.64205	1.94948
4.41987	1.88071
4.27884	1.82888
4.21656	1.9717
4.16755	1.73318
4.16373	1.68599
4.13875	1.65406
4.33562	0.957679
4.53526	0.516963
4.86444	-0.0508241
5.16631	-0.511107
5.14872	-0.738717
5.01779	-0.423489
4.84238	-0.614294
4.61902	-0.266337
4.37588	-0.160489
4.15142	0.341386
3.81149	1.10358
5.57419	1.74751
6.20503	1.71631
6.21913	1.89248
6.28769	1.87987
6.12286	1.94086
5.86497	2.02737
5.55261	2.08659
5.14824	2.11378
4.70822	2.21504
4.50325	2.10333
4.20251	2.09318
3.93099	2.07275
3.72717	1.88701
3.57496	1.38969
3.21663	1.52537
3.25568	1.21397
3.10684	1.05352
2.83934	0.911407
3.28308	1.00502
3.69607	1.31712
3.32113	1.21515
3.38732	1.1687
3.3121	1.45877
3.2639	1.33799
3.86749	1.80629
4.96804	1.92229
5.24086	1.68023
5.28255	1.93078
5.38938	1.93697
5.494	1.82419
5.60969	1.64711
5.42604	2.0253
5.51784	1.80525
5.62779	1.47801
5.78363	1.23823
6.03126	1.40188
5.95977	1.8247
6.11664	1.67993
6.10482	1.64531
6.22723	1.41929
6.22923	1.34552
5.45225	1.47362
5.08155	1.56826
5.30265	1.5557
5.03583	1.37309
4.73234	1.29747
4.24471	1.55631
4.03245	1.45651
3.86605	1.20716
3.67709	1.28814
3.5389	1.01262
3.41955	1.06927
3.17218	1.06296
3.05926	1.13693
2.9312	0.916774
2.99451	0.795693
2.86466	0.952089
2.7551	0.734248
2.75838	0.667669
2.86572	0.614694
2.79936	0.578158
2.74892	0.808118
2.32588	0.55531
2.75387	0.533081
2.65062	0.415768
2.72132	0.385856
2.71134	0.613664
2.96324	0.428988
2.65413	0.438974
2.64591	0.515237
2.6319	0.669712
2.64297	0.695239
2.70623	0.728165
2.65049	0.709755
2.78411	1.01724
3.46737	1.64072
4.24676	1.61296
4.26809	1.56077
4.89453	1.46293
5.01001	1.62281
5.13417	1.44631
5.584	2.06211
6.08529	2.06924
6.38504	1.87814
6.38978	1.87672
6.36753	1.81826
6.12998	1.87104
5.85585	1.78954
5.39596	1.65928
5.14709	1.37898
4.88782	1.3643
4.97525	1.24207
5.31853	1.17113
5.81812	1.10152
5.91804	1.03675
5.87693	1.04445
5.74806	1.15809
5.58677	1.38266
5.19539	1.43561
4.94532	1.1905
4.67266	1.06752
4.6004	0.563194
4.72278	0.429632
4.85976	0.34644
5.1443	0.44397
5.34735	0.732049
5.46191	1.18556
5.25298	1.63066
5.07456	1.80224
5.00174	1.99785
4.97578	1.91456
5.07025	1.79787
5.1609	1.60656
5.20957	1.4543
5.12816	1.10286
5.12771	0.74631
5.25634	0.0926278
5.29432	-0.270361
5.11279	-0.301769
5.1543	-0.702278
5.04942	-0.785152
5.23831	-1.0548
4.88396	-0.92135
4.90819	-0.947189
4.87804	-0.678008
4.7054	-0.822397
4.75472	-0.837567
4.59019	-0.545142
4.105	0.267899
5.27609	1.32042
6.18161	1.15869
6.34872	1.14688
6.40542	1.20835
6.50102	1.2006
6.51924	1.27447
6.53718	1.38363
6.55115	1.46828
6.58288	1.51359
6.44729	1.65579
6.36536	1.72856
6.25721	1.76748
6.0663	1.87584
5.8779	2.01235
5.89009	1.9156
5.84201	2.07523
5.89462	2.01316
5.94136	1.98275
5.95564	2.03308
5.9951	1.99031
6.09434	1.9166
6.18475	1.89651
6.17582	1.95844
6.14513	1.95011
6.08284	1.98345
5.8655	1.99333
5.50798	1.74886
5.33307	1.36431
5.18243	1.6433
4.61344	1.95812
4.37758	1.85429
4.32009	1.26492
4.86571	0.894056
4.74671	0.200554
4.73106	-0.189933
4.64858	-0.557846
4.91676	-0.766881
5.10571	-0.778132
5.01516	-0.740876
5.06484	-0.590251
4.96873	-0.278323
4.70558	-0.383778
4.68914	-0.179551
4.48783	0.353354
4.06656	0.658012
3.95768	1.35763
5.23162	1.61648
5.26333	1.89578
5.11022	2.11986
5.13964	2.12675
4.93482	2.21616
4.70371	1.81756
4.74602	1.86684
4.74671	1.8227
4.63399	1.86232
4.66461	1.76323
4.70248	1.78057
4.67659	1.77552
4.62549	1.7558
4.55484	1.86748
4.41887	1.97781
4.41101	1.80646
4.45437	1.53143
4.17243	1.73476
4.06436	1.72009
4.8116	1.15514
6.06387	1.02893
6.7414	1.033
6.98437	0.986043
7.15886	0.795082
6.88301	1.12835
6.59619	1.34095
6.38924	1.42866
6.07864	1.5763
5.43445	1.53029
4.00427	1.57279
3.53408	1.35075
3.56686	1.32139
3.38693	1.29335
3.36888	1.24142
4.24455	-0.0405826
4.44564	0.00977299
5.09007	-0.657594
5.05078	-0.60692
4.78926	-0.482648
4.47766	-0.294511
4.42818	0.0405181
4.28968	0.365043
4.47088	1.44515
5.51048	1.79508
5.77575	1.76664
6.16105	1.58127
6.27294	1.74354
6.28919	1.87465
6.37519	1.65385
6.06679	1.56324
4.48619	1.70642
3.38534	1.65543
3.37925	1.43472
3.11127	1.28825
4.07964	0.547295
5.00145	0.412597
4.71575	0.932156
3.6206	1.18575
4.93518	1.37158
6.03127	1.48231
5.74605	2.05076
5.66527	2.04896
5.41575	2.01183
4.92491	2.06681
4.50118	1.95077
4.65059	1.91592
4.64186	2.08554
4.69781	2.01283
4.6376	2.12716
4.74439	2.01463
4.83011	1.80169
4.91048	1.42457
5.14337	0.995491
5.38285	0.744627
5.5671	0.542424
5.65251	0.507286
5.56959	0.75956
5.53867	1.05293
5.41169	1.36432
5.28839	1.62947
5.23839	1.76789
5.23161	1.87328
5.31242	1.81835
5.27575	1.85234
5.04157	1.83479
5.00683	1.70355
5.07889	1.59062
5.05086	1.69384
5.02848	1.78336
5.13078	1.6714
5.23684	1.92171
5.59857	2.04627
6.01972	1.97351
6.24821	1.89479
6.34198	1.81259
6.26034	1.92054
6.17475	1.9882
5.99172	2.12392
5.54177	2.28487
5.08019	2.09478
4.81467	2.20259
4.59231	2.21499
4.34415	2.11597
3.93248	2.01998
3.72611	1.83735
3.48197	1.59913
3.15264	1.57281
3.06716	1.26514
3.00515	1.07618
3.02154	1.01967
3.45947	0.685276
4.02108	0.679539
4.34224	0.437615
4.144	0.324094
5.36256	0.343842
5.77164	0.639518
5.86633	1.15329
6.04343	0.977476
6.0247	0.896457
5.9219	0.918902
5.81275	0.990338
5.62643	1.10003
5.28136	1.27428
4.94583	1.04334
5.00588	0.971807
5.00344	0.604989
5.10906	0.557845
5.16255	-0.125256
4.95638	-0.170548
4.92935	-0.0605027
4.91254	-0.229447
4.64073	0.0192167
4.59066	0.378543
4.46123	0.725256
4.40618	1.43474
5.46641	1.95346
5.66323	1.92742
5.73265	2.01645
5.9218	1.96165
5.88972	2.18289
5.88359	2.11364
5.67978	2.12844
5.43768	1.84294
4.97944	1.77682
4.44295	1.6029
4.42511	0.546225
4.51992	-0.00381385
4.58119	-0.632624
4.72878	-0.86924
4.84193	-1.05419
4.76381	-1.11074
4.96024	-1.16937
4.91764	-1.14622
4.80126	-0.808222
4.52342	-0.408852
4.20604	0.223671
3.75902	0.72683
5.19469	1.30479
5.98158	1.65379
5.95795	1.83118
5.93538	2.20884
5.98528	2.17654
5.90157	2.10662
5.83777	1.82023
5.70658	1.66463
5.48464	1.55566
4.98574	1.5674
4.0338	1.53977
3.33396	1.54787
3.26496	1.26708
3.23785	1.20271
3.19272	1.08855
3.36219	1.06854
3.13177	1.08176
3.29386	1.29376
4.18643	1.92217
4.2853	2.09048
4.48434	2.15194
4.54474	2.24883
4.51445	2.15892
4.50456	2.13262
4.34596	2.12285
4.27994	2.01888
4.21387	1.96337
4.09318	2.11995
4.03615	2.02305
3.92067	2.02947
3.84165	1.90581
3.75529	1.99258
3.88647	1.70613
4.67543	1.54675
5.3141	1.27963
5.50127	1.28647
5.57914	1.35385
5.49547	1.16807
5.45873	0.787175
5.77118	1.05905
5.85696	1.46786
5.9444	1.51205
6.05532	1.42237
6.10843	1.35369
6.14286	1.3423
6.08769	1.32609
5.7798	1.3798
4.80888	1.66819
4.79707	1.60244
4.88507	1.65878
4.98017	1.39535
4.99631	1.4312
4.83799	1.66528
4.50733	1.77009
4.38812	1.69885
4.17477	1.44796
3.82039	1.55098
3.58877	1.52454
3.9206	0.830883
3.95409	0.193775
4.0431	-0.128436
3.81748	-0.371128
4.03743	-0.488394
4.08619	-0.60966
4.04099	-0.551323
3.97637	-0.597277
4.02216	-0.436388
4.01043	-0.617249
4.0138	-0.641494
4.00821	-0.659771
3.23722	0.931918
2.82833	0.573549
2.80484	0.642171
2.888	0.52483
3.01638	0.679233
3.0109	0.59934
3.01994	0.70106
3.03923	0.767647
3.24264	0.768992
3.42497	0.97923
3.40038	1.10727
3.27233	1.47032
4.23916	1.99551
5.15804	2.22394
5.4752	2.21965
5.63398	2.11856
5.45447	2.26797
5.17978	1.93266
4.77769	1.91064
4.77207	2.02475
4.7754	1.97587
4.86062	2.02427
5.00709	2.0048
5.70424	2.17385
5.70747	2.64333
5.90539	2.60743
6.28087	2.16032
6.29766	2.22004
6.16437	2.48081
6.14741	2.36999
6.11273	2.23596
5.72927	2.43866
5.42027	2.53932
5.31911	2.50311
5.31198	2.22678
5.11906	2.24893
4.90751	2.16515
4.54942	2.09228
4.14072	1.54061
4.62099	0.634215
4.66165	0.230078
4.52592	0.568949
4.47404	0.477224
4.4873	0.259386
4.37146	0.438743
4.43887	1.67588
5.60811	2.06332
5.8155	2.08041
5.92456	1.91332
6.03301	1.80996
6.00525	2.00674
6.0966	2.05251
6.10101	2.05853
6.25555	1.95722
6.53689	1.64542
6.73673	1.46363
6.96163	1.1895
7.05108	0.98668
6.99613	0.822319
6.57336	0.927961
5.7122	1.40288
4.76881	2.09284
4.83496	1.95731
4.86035	1.96347
4.62417	2.0608
4.56945	1.77026
4.38136	1.76785
4.04931	1.75641
3.82678	1.5258
4.26318	0.440072
4.25821	0.0762125
4.59633	-0.14356
4.99717	-0.426053
5.08808	-0.662002
5.11255	-0.869704
5.24869	-1.00936
5.28986	-0.631404
4.8392	-0.232518
4.49904	-0.25639
3.68699	-0.0792376
3.36893	0.416135
3.37952	0.490853
3.81254	0.434615
4.28932	0.452697
5.46208	1.07385
6.15566	0.86465
6.30277	0.904182
6.42793	0.927572
6.31333	1.18873
6.0875	1.03999
5.49236	-0.0916467
5.58385	0.865566
6.52896	1.26566
7.14051	1.13335
7.4059	1.21
7.43235	1.10747
7.40097	1.21746
7.31139	1.29158
7.24282	1.29787
7.01723	1.47391
6.60959	1.88456
6.39558	1.92353
6.2849	1.65991
6.07787	1.63024
5.76638	1.64331
4.73659	1.7003
3.8305	1.52435
3.70682	1.28202
3.53613	1.25053
3.46493	1.25917
3.52119	1.04273
4.67122	0.828887
4.96654	0.849233
4.47549	1.68266
6.31291	1.88105
6.65683	1.79549
6.71977	1.87964
6.39942	2.07008
5.70198	1.95303
4.48702	2.02686
4.68098	1.96818
4.42428	1.87506
3.70349	1.38813
3.54692	1.40057
3.35543	1.30776
4.14975	1.00583
4.0066	0.903828
5.14452	0.607637
4.96263	0.993763
4.41412	1.25466
5.74608	2.26391
6.44386	1.97464
6.56581	1.80136
6.349	1.89413
5.58323	2.07288
5.11282	2.14916
5.27726	2.02616
5.35075	1.97424
5.31294	2.07924
5.68011	1.97905
5.86388	2.03726
6.56421	1.68448
6.78449	1.65407
7.00275	1.51017
7.12284	1.47595
7.11443	1.47697
7.02586	1.56712
6.69219	1.81816
6.24805	1.76252
4.53717	1.79212
3.88537	1.78945
3.81662	1.73125
3.65743	1.60555
3.45516	1.27266
3.97963	0.703434
5.02928	0.45853
5.3679	0.465424
5.45234	0.764764
6.17908	0.575606
6.46814	0.215314
6.47872	0.104322
6.19288	0.207163
5.23243	0.661385
4.19849	1.07586
3.78764	1.46257
3.69991	1.44423
3.54039	1.57717
3.56729	1.63177
3.54663	1.42779
3.56848	1.43178
3.7065	1.35026
3.61945	1.42841
3.7193	1.38425
4.45742	0.870384
5.72837	0.786466
5.54153	1.38245
6.22138	1.65727
6.27485	2.11536
6.38343	1.99364
6.38784	1.97685
6.29985	2.06167
5.75962	2.18653
4.74441	2.04906
3.87545	1.94282
3.49955	1.60977
4.03268	1.36216
3.52752	1.30154
3.22784	1.08289
3.18032	1.10244
3.23171	0.549596
4.45817	0.307647
4.4828	0.465007
3.65589	0.950304
3.48638	1.18325
3.36839	1.37797
3.68243	1.62085
4.70551	2.17225
4.84296	2.19441
4.80223	1.81945
4.55523	1.95663
4.69016	1.81221
4.61881	1.97524
4.678	1.9807
4.74469	1.96673
4.91755	1.72296
4.8135	1.84166
4.68113	1.89111
4.63739	1.88639
4.58281	1.93363
4.54036	1.94678
4.53734	1.88857
4.94416	1.66576
5.93551	1.68175
6.36973	1.56665
6.39751	1.69745
6.28775	1.98962
6.12341	2.16797
6.14792	2.1125
6.37461	1.702
6.39534	1.61359
6.06508	1.46051
5.37813	1.37568
5.83719	1.3994
6.13096	1.60192
6.39	1.60725
6.47733	1.53783
6.45429	1.44079
6.27027	1.64485
6.02399	1.82407
5.76638	1.81168
5.54493	1.63241
5.079	1.56726
4.76054	1.04322
4.81535	0.298354
4.75885	-0.524828
4.64474	-0.686061
4.87895	-0.940341
5.10312	-0.726249
5.17577	-0.542639
4.89421	-0.671039
4.58546	-0.298538
4.45787	0.657131
4.9521	1.853
5.77176	1.8003
5.91342	1.76396
6.0396	1.87053
6.14043	2.03339
6.11162	1.92715
5.59758	1.96368
4.31965	1.47951
3.91685	1.15754
5.72101	0.375742
5.56996	0.511287
4.09469	1.02612
4.25777	1.24766
4.98152	1.73965
5.67355	1.98244
6.11312	1.8048
6.3901	1.70166
6.4738	1.64893
6.50222	1.78315
6.37586	1.99615
6.27121	1.98476
6.16967	1.94693
6.06896	1.93271
5.92738	1.97648
5.75976	2.06039
5.57015	2.06653
5.07748	2.06729
5.12593	1.97656
4.35215	1.96405
4.7368	1.90873
4.07583	1.7326
4.49213	1.80177
3.8862	1.92549
4.04405	1.89399
3.84754	1.72418
3.71979	1.64491
3.68144	1.70458
3.48321	1.61402
3.34595	1.35857
3.16373	1.2431
3.20907	1.02932
3.09522	0.834495
3.52917	0.38992
4.53873	0.044486
3.12679	0.662922
3.08859	0.844186
3.00126	0.720475
2.91133	0.600958
2.9007	0.749027
2.95688	0.738034
2.98338	0.380951
2.95851	0.582554
2.87844	0.580107
2.40708	0.611389
2.72532	0.50918
2.67054	0.757124
2.75019	0.521557
2.70745	0.462031
2.52519	0.443764
2.68453	0.489446
2.56201	0.489375
2.5794	0.516114
2.54919	0.486143
2.80858	0.876718
3.4516	1.8372
4.57344	2.00652
4.83486	2.06743
4.94125	1.95944
5.09527	1.83041
5.16883	1.7542
5.10265	1.5373
5.0673	1.58011
5.01008	1.63595
4.9307	1.64067
5.03062	1.62089
5.02568	1.59392
5.00003	1.5856
4.92142	1.6345
4.86136	1.62328
4.92431	1.6452
5.41108	1.66286
4.97929	2.18897
5.00807	2.15433
5.11559	1.98222
5.09232	1.85841
4.94441	1.29766
5.15602	0.299357
4.92607	-0.182085
5.12135	-0.534485
5.12112	-0.739337
5.02947	-0.711095
5.1654	-0.527645
4.96768	-0.392216
4.80946	-0.305994
4.55089	-0.067063
4.65993	0.490806
5.86687	1.26243
6.33994	2.02086
6.66121	1.71605
6.94799	1.59719
7.21612	1.26754
7.45013	0.857469
7.41415	0.623241
7.30606	0.318709
7.03427	0.0834324
6.57985	-0.0983737
5.72929	0.0777869
4.48619	1.43464
4.31553	1.68198
4.48905	1.37934
4.12789	1.65125
3.85811	1.42013
3.72621	1.34312
3.71203	1.29938
3.56725	1.168
3.4189	1.44443
4.8262	0.831152
5.63181	0.924494
6.13131	1.5324
6.5419	1.77216
6.45305	1.94375
6.2842	2.02796
6.09355	2.04743
6.32175	1.86368
6.54956	1.65355
6.66405	1.51651
6.79552	1.49308
6.76073	1.46598
6.47835	1.64327
6.22005	1.71512
5.81723	1.68963
4.93557	1.67337
3.85703	1.90356
3.33525	1.5877
3.22325	1.42188
3.46215	1.55998
3.77596	1.58483
3.28885	1.34815
3.37746	1.39163
3.24107	1.45825
3.21295	1.50863
4.25074	1.76689
5.33176	1.75849
4.81285	2.03936
4.64516	2.05649
5.13277	1.96024
5.09792	2.03646
5.15867	1.9961
5.15776	1.85063
5.26657	1.79422
5.32574	1.76492
5.19849	1.87832
4.70016	1.70451
4.5462	1.8154
4.72218	1.67037
4.69932	1.78538
4.79505	1.84308
4.81068	1.91172
5.11592	1.50424
5.59213	1.43402
5.53847	2.12237
5.57399	2.01202
5.55624	2.07409
5.60049	2.02787
5.61209	1.88953
4.86915	2.15834
4.21875	1.75284
4.10465	0.649521
4.30288	0.0464152
4.40497	-0.323466
4.54475	-0.59538
4.57479	-0.795129
4.6471	-1.0178
4.64852	-0.953781
4.59515	-0.781716
4.5063	-0.569871
4.12233	-0.0303042
3.73353	0.645066
5.43782	1.22676
5.60455	1.64209
5.6829	1.85787
5.75598	1.80291
5.72405	1.90043
5.77885	1.79898
5.93389	1.72061
6.11061	1.66101
6.27588	1.61038
6.30417	1.78212
6.3667	1.85389
6.29575	1.95396
6.27877	1.92335
6.14574	1.96146
5.96847	1.94377
5.78375	1.95759
5.52559	1.99261
5.20451	1.27187
5.00909	0.570024
5.401	1.25615
5.14801	1.90352
4.87797	1.65961
4.38266	1.73292
4.66074	2.06556
4.78855	2.08183
4.74557	2.21436
4.91529	1.94951
4.97243	1.86398
5.1376	1.68802
5.02511	1.49532
4.71729	1.3477
4.80645	0.975982
4.79624	0.57996
4.86712	0.142496
4.94421	-0.183369
4.82905	-0.259646
4.98535	-0.0971389
4.95791	-0.106532
4.89016	-0.0468679
4.94431	0.113591
5.05746	0.393603
5.07264	0.507839
5.09981	0.775116
5.46508	0.717189
5.60666	0.766629
5.72911	0.890139
5.81693	0.951126
5.78852	1.26
5.94901	1.2559
6.17899	1.06652
5.75239	1.14169
5.89835	1.05029
4.95811	1.40937
5.29418	1.06186
4.53997	1.35532
4.07126	1.38253
3.71157	1.30798
3.33658	1.12944
3.22242	1.0556
2.94849	0.836108
2.83562	0.575376
2.77533	0.774011
2.7323	0.936769
2.72965	0.775333
2.7267	0.725823
2.58167	0.601025
2.76662	0.501748
2.62586	0.59894
2.80208	0.616137
2.66755	0.586898
2.53566	0.787262
2.99287	0.50566
3.01961	0.645798
3.0382	0.525828
3.00362	0.488562
2.86457	0.515704
2.93994	0.409134
2.97674	0.542742
2.97551	0.702423
2.80175	0.504386
2.90525	0.625316
2.83153	0.705916
3.9694	1.30004
5.13579	1.16446
3.87527	0.888716
3.68878	1.1137
4.3607	1.4137
6.19421	1.32253
6.3915	0.995086
5.80068	1.29572
5.38864	1.32362
5.12292	0.903489
5.03324	0.280752
4.99842	-0.149797
4.97224	-0.530343
5.00428	-0.42644
5.05696	-0.557169
4.90145	-0.427762
4.8038	-0.295881
4.53583	0.161647
5.25525	1.24537
5.82622	1.29353
6.02033	1.378
6.04803	1.4615
6.06459	1.39854
5.93574	1.56317
5.6611	1.66903
5.48265	1.60091
4.94985	1.75088
4.63503	2.04007
4.60873	2.03363
4.63351	2.0974
4.51512	2.08627
4.4611	2.0989
4.35637	1.98053
4.32742	1.85728
4.14973	1.97519
4.05083	1.83067
5.31363	0.862451
5.25093	0.907989
5.42113	0.632302
5.80374	0.951041
6.18041	1.23423
6.44208	1.36222
6.60102	1.4275
6.65006	1.53661
6.72727	1.58007
6.73276	1.59281
6.64455	1.5989
6.45134	1.72589
6.29878	1.67846
5.84795	1.83948
5.14509	1.85706
4.20139	1.9386
3.69026	1.73849
3.66795	1.63575
3.47335	1.29985
3.54639	1.08368
4.49058	1.39548
5.21084	1.66325
5.72595	1.49652
5.92047	1.45927
5.89282	1.50439
5.80215	1.56463
5.66049	1.67833
5.38352	1.8474
5.12067	2.05088
5.00311	2.10592
4.91604	2.06144
4.77279	1.99326
4.73423	1.83829
4.41496	2.00647
4.12806	1.91453
3.71751	1.65665
3.52846	1.24347
3.21128	1.15551
3.23238	0.846249
5.35707	-0.00469046
5.24399	0.20887
4.83649	0.227556
5.50189	1.4047
6.18755	1.18976
6.18877	1.27016
6.06333	1.60669
5.74945	1.88092
5.14225	1.9779
4.66275	1.96166
4.68896	2.05612
4.71237	2.15714
4.83788	2.06694
4.83304	2.12443
4.89195	2.07063
4.95153	2.03941
5.0883	2.11473
5.55655	2.08941
5.81711	2.00214
5.97794	1.87839
6.07596	1.86199
6.13017	1.68017
6.18501	1.43645
6.26663	1.1489
6.25754	1.00426
6.22418	0.803808
6.10374	0.565315
6.11673	0.44641
6.25646	0.0646648
6.26464	-0.0387017
6.3198	-0.0570088
6.39396	-0.114745
6.42467	-0.120215
6.52669	-0.0492386
6.43736	0.126556
6.51019	0.253804
6.36488	0.748435
6.423	1.11192
6.59536	1.2016
6.7652	1.21132
6.65771	1.40801
6.47652	1.62078
5.93245	2.03673
4.91234	2.29919
4.61261	2.02867
4.49514	1.9806
4.30224	1.93857
4.12899	1.99277
4.0264	1.82776
3.93004	1.72476
3.8586	1.55587
3.65434	1.50853
3.58216	1.38092
3.37735	1.22129
3.22511	1.16372
3.04638	1.19145
3.02645	0.863984
3.09695	0.830502
2.9342	0.74701
3.56885	0.829309
4.49896	1.07859
6.03899	1.96203
6.47771	1.85422
6.81602	1.71259
6.78124	1.89436
6.97705	1.57363
6.83866	1.72174
6.49308	1.96287
5.73096	2.23715
4.1493	1.58514
3.60625	1.63133
3.51133	1.41277
3.39356	1.29467
3.39566	1.09034
3.40367	0.970417
4.5596	-0.181659
4.52156	-0.747499
4.85003	-0.82469
5.15079	-0.40931
5.33685	-0.555237
4.69669	-0.280684
4.38842	-0.221102
3.98497	0.0996409
3.61458	0.240104
3.55941	0.490523
3.47082	0.462331
3.74085	0.388114
3.80047	0.442451
3.80628	0.711763
4.31475	1.33156
5.01261	1.65824
5.30422	1.45106
5.40416	1.5227
5.57193	1.35093
5.51362	1.11199
5.06585	0.926439
4.92204	0.247813
5.10176	-0.354405
5.132	-0.555561
5.02431	-0.689951
5.01805	-1.13264
5.20181	-1.13034
5.14464	-0.990667
4.97879	-0.798235
4.86814	-0.740577
4.61455	-0.36934
4.66415	0.26845
5.71421	0.758161
5.87608	0.746771
5.94827	0.7444
6.06793	0.690471
6.1091	0.74417
5.84537	1.15406
5.74061	1.40832
5.65814	1.5387
5.09673	1.88601
4.06284	1.7255
3.89927	1.67925
3.73297	1.81833
3.77968	1.69021
3.80427	1.64249
3.73862	1.54342
3.54731	1.53134
3.59426	1.5034
4.64878	1.17059
5.30298	1.33054
5.5356	1.9732
5.45991	1.94297
5.34408	1.9449
5.34079	1.78362
5.17626	1.57019
4.84566	1.54435
4.80454	1.45786
5.35554	1.306
5.41801	1.73728
5.78965	1.80886
5.30522	1.59622
5.43669	1.67679
4.91312	1.86074
4.61894	1.88616
4.53012	1.73963
4.5114	1.79309
4.53723	1.56412
4.62202	1.55953
4.10937	1.38483
3.98949	1.53121
3.77552	1.23544
4.21298	0.280926
4.29613	-0.161864
4.45858	-0.423791
4.62788	-0.666532
4.57925	-0.811528
4.5774	-1.20454
4.47324	-1.07584
4.52645	-0.712802
4.6322	-0.864071
4.65336	-0.939082
4.69959	-0.949384
4.79475	-0.721876
4.58604	-0.526998
4.44889	-0.617034
4.10077	-0.532668
3.86577	-0.0329688
3.66565	-0.0705885
3.628	0.177499
3.49609	0.384309
3.3466	0.638143
3.13233	0.625971
3.14187	0.643873
3.10238	0.637609
3.12578	0.604282
3.0375	0.888305
3.0246	0.637229
2.54291	0.698293
2.86041	0.489832
2.96437	0.500008
3.06756	0.553866
2.97402	0.457947
3.11504	0.5586
2.92432	0.554185
2.90248	0.522938
2.9289	0.467549
3.07005	0.672636
2.96744	0.599243
2.9183	0.475016
2.87368	0.579879
2.94881	0.489748
3.03446	0.52298
3.00874	0.557579
3.09878	0.344009
3.04017	0.550967
3.15542	0.672916
2.95352	0.686676
3.01428	0.667641
3.20778	1.00393
3.00969	0.624134
3.49832	0.425054
3.5843	0.52568
3.42438	0.850914
3.08002	0.820379
3.35617	0.76194
5.29416	0.00237405
6.03434	-0.150605
6.07378	0.0746007
6.25849	-0.165628
6.21502	0.12343
6.18823	0.10729
6.08672	0.109081
5.84394	0.207624
5.42433	0.273924
4.79175	0.247847
3.93004	0.78685
3.46599	0.903615
3.38008	0.979301
3.22283	0.88208
3.29073	0.618137
3.16081	0.709821
5.39721	-0.396079
5.95962	-0.341888
4.87581	0.168829
6.49148	0.299792
6.74642	0.604807
6.74589	0.821716
6.84762	1.003
6.88623	1.1109
6.87608	1.20596
6.85954	1.22238
6.74371	1.24381
6.67241	1.10187
6.52337	1.0029
6.27283	0.895717
6.02625	0.785443
5.64633	0.938311
5.29093	1.4454
4.89871	1.93807
4.90102	1.91743
4.90113	1.81928
4.82416	1.83943
4.93589	1.48661
5.31194	0.86229
6.01836	0.579772
6.50468	0.726845
6.64177	1.00989
6.28519	1.24173
5.83108	1.09017
6.26927	1.27551
6.58525	1.32333
6.74945	1.36014
6.69139	1.44451
6.52891	1.41236
6.19731	1.51222
5.46184	1.83709
4.87758	1.66568
4.72955	0.975
4.83671	0.460434
4.67031	0.168038
4.78876	-0.0160449
4.69692	-0.220373
4.54523	-0.134437
4.27791	0.243618
4.21725	0.54508
4.35387	1.02888
5.34249	2.16892
6.13734	2.01447
6.35881	1.9566
6.50619	2.0702
6.57469	2.04531
6.35639	2.13542
5.76628	2.03351
4.6074	2.01871
4.55203	1.69552
4.37421	1.95133
4.67021	1.79294
4.78969	1.8116
4.91783	1.97489
4.97153	2.12169
5.07335	2.05432
5.12943	1.96193
5.06976	2.12843
5.1745	2.06158
5.30092	1.98992
5.81835	1.60776
6.53212	1.43931
6.57053	1.24248
6.43269	1.16221
6.19937	1.15897
5.65743	1.35744
4.90135	1.78177
4.62335	1.99355
4.41559	2.13802
4.27713	2.01393
4.10549	1.98993
3.89003	1.81905
4.03409	1.16589
4.88577	0.154259
4.27853	-0.00737469
4.6221	-0.447584
4.79389	-0.503524
4.81167	-0.251662
4.78634	0.126056
4.57041	0.582219
4.56408	1.1929
5.48879	1.74556
6.09972	1.66746
6.33244	1.71326
6.36579	1.84633
6.40066	1.80898
6.33343	1.82153
6.57617	1.60041
6.61947	1.55181
6.60621	1.59975
6.46371	1.83002
6.47195	1.97281
6.59509	1.90495
6.68751	1.80578
6.5398	1.99053
6.21597	2.26023
5.99015	2.21808
5.86201	1.62645
5.75503	0.808504
5.43027	0.0663432
5.06913	-0.519256
4.9143	-0.568225
4.87115	-0.923842
4.8602	-0.645853
4.88469	-0.481092
4.88747	-0.639716
4.75958	-0.597546
4.68325	-0.303093
4.07419	0.462514
4.02274	1.27319
5.75756	1.57728
6.05643	1.85798
5.86311	2.29694
5.97981	2.19592
5.56583	2.16006
5.16124	2.05629
5.0661	2.19752
4.95738	2.21824
4.84474	2.17941
4.66382	2.16045
4.47951	2.03705
4.35122	1.90595
4.07382	1.81743
3.82243	1.69048
3.53888	1.56353
3.37948	1.22014
3.24371	0.98642
4.40691	0.157754
5.68516	0.0357623
5.18269	0.714746
4.98842	0.703031
4.95015	1.10539
5.55899	1.32067
4.72784	0.881253
5.48535	1.31565
6.28389	1.12264
6.42863	1.2785
6.4246	1.40928
6.36985	1.44284
6.29323	1.49777
6.21499	1.42426
6.08783	1.39104
5.91941	1.48192
5.75579	1.58775
5.54558	1.65505
5.19371	1.80604
4.32752	2.06336
4.11158	1.85506
4.19789	1.7449
4.10248	1.95482
4.1719	1.77956
4.03848	1.93381
4.14713	1.93092
4.51559	1.52778
4.78185	1.10573
4.57196	0.794422
4.57499	0.690189
4.51656	0.800173
4.53715	0.69536
4.62173	0.684446
4.32675	0.758396
4.17389	1.00501
3.93296	1.08606
4.08014	0.659148
4.16762	0.0597007
4.40472	-0.374202
4.48089	-0.402624
4.55048	-0.350597
4.51707	-0.386727
4.44138	-0.231492
4.60738	-0.142805
4.58475	-0.213301
4.65303	-0.138626
4.54786	-0.235209
4.36589	-0.17873
4.32698	-0.142936
4.29055	-0.0450693
4.14836	0.153396
3.70081	0.284737
3.43985	0.417979
3.28587	0.768112
3.31387	0.776338
3.18162	0.854178
3.07312	0.892249
3.10817	0.836477
3.17107	0.810738
3.10972	0.831746
3.15109	0.967921
3.1658	0.85428
3.07446	0.67522
2.93249	0.712772
3.05	0.754057
2.76887	0.717225
2.77698	0.717749
2.82998	0.509453
2.98803	0.676206
2.87545	0.643918
2.88163	0.47079
2.84849	0.713022
2.82175	0.526138
3.05	0.775329
3.18767	0.372928
3.48903	-0.123654
3.79325	-0.203608
4.06127	-0.230662
4.37916	-0.416837
4.48192	-0.607647
4.46792	-0.549345
4.33716	-0.460036
4.38681	-0.306928
5.33593	0.211334
5.91045	0.443362
5.8276	0.739266
5.97161	0.53819
5.86925	0.43301
5.45737	0.683963
5.01726	0.538265
5.02256	0.3759
4.90624	0.0465343
4.96232	-0.314084
4.91537	-0.485099
5.05442	-0.560348
4.93483	-0.618812
4.94523	-0.686825
4.80963	-0.421732
4.96058	-0.233808
4.87759	-0.0427821
4.36267	0.283966
4.50898	0.981155
6.30477	1.37238
6.46106	1.82384
6.7137	1.76617
7.00761	1.59714
7.32812	1.27908
7.36323	1.30297
7.46195	1.21298
7.49467	1.2
7.39312	1.31601
7.367	1.34598
7.34361	1.34545
7.31908	1.29951
7.33647	1.22382
7.30266	1.18427
7.1814	1.09775
6.93894	1.0398
6.52002	1.11249
5.70037	1.52277
5.43098	1.61758
5.20955	1.69366
4.99509	1.76418
4.75776	1.90072
4.52271	2.02668
4.35765	2.0385
4.32226	1.83199
4.00208	1.73525
3.81666	1.78737
3.5445	1.4498
4.86747	0.150689
4.5729	-0.00895609
4.59614	-0.835717
4.75088	-1.01043
4.82806	-0.938569
4.81791	-0.867711
4.65155	-0.82125
4.52328	-0.812813
4.16095	-0.318024
3.73934	0.569321
3.67212	1.5731
3.15531	0.836296
3.07259	0.748258
3.09227	0.585542
3.04942	0.514222
2.92164	0.622606
2.87974	0.696393
2.83975	0.507819
2.8597	0.567664
2.99214	0.68863
3.18069	1.2965
3.1217	1.0509
3.98191	1.8572
5.02175	2.12609
5.09813	2.11153
5.16864	2.07129
5.07167	2.05585
4.95701	2.12089
4.83938	1.99938
4.86751	1.88686
4.83672	1.93966
4.76739	1.97701
4.72988	2.02634
4.73992	1.926
4.7002	1.90349
4.49738	2.04439
4.45017	2.10563
4.4939	2.13976
4.61614	2.00056
4.58813	2.12953
4.69368	2.06814
4.94845	1.83318
5.77185	1.6635
6.29362	1.39514
6.43475	1.13723
6.57595	1.00535
6.63225	0.922567
6.71491	0.877469
6.72406	0.845568
6.69395	0.850721
6.65355	0.890198
6.59641	0.970212
6.46917	1.0933
6.22183	1.34524
5.92551	1.5495
5.39042	1.94897
5.11035	1.76682
4.89021	1.66858
4.53818	1.75364
4.35361	1.43489
4.16711	0.79385
4.42267	0.3368
4.62381	-0.132916
4.48411	-0.399994
4.38886	-0.160576
4.25116	-0.326832
4.04398	-0.144166
4.13482	-0.226981
3.95713	-0.250539
3.93676	-0.331168
3.74825	-0.0832048
3.34485	0.637559
2.85358	0.824178
2.86696	0.525371
2.92198	0.542008
2.87852	0.561787
2.91436	0.400664
2.87167	0.467571
2.90758	0.517945
2.7721	0.697151
2.88929	0.453213
3.45001	0.677985
4.09876	0.800754
3.68422	0.409015
3.77925	0.789893
5.31451	0.824882
5.89281	1.37372
5.46444	1.80381
4.99285	1.92552
4.46756	1.93177
4.09804	2.24919
3.9927	2.35334
3.87824	2.07463
3.82789	2.04372
4.03138	1.88682
4.31278	1.64581
4.79644	1.5899
5.28439	1.40534
5.78572	1.29326
6.24412	0.935615
6.43109	0.692297
6.50409	0.495443
6.45	0.330835
6.04909	0.416275
4.66073	0.642547
3.67841	1.39537
3.65632	1.60469
3.54449	1.58941
3.49493	1.39597
3.64174	1.35656
3.50634	1.51879
3.37438	1.57744
3.31843	1.4386
3.3389	1.39122
4.13013	0.953079
5.27024	0.65918
5.57832	0.516564
5.55977	0.478946
6.10846	0.105706
6.07683	0.234678
6.23155	0.086116
6.24899	-0.0375315
6.1807	0.0030272
6.17366	0.0436647
6.14158	0.0192564
6.12927	-0.0395463
6.07291	-0.0576935
6.05601	0.0305842
6.01385	0.131404
6.06785	0.287259
6.2062	0.39506
6.27705	0.571754
6.27947	0.735347
6.2646	0.946082
6.13361	1.08118
5.8871	1.3301
5.85507	1.40714
5.5069	1.81789
5.42322	1.59888
5.51059	1.49946
5.05336	1.72856
4.7354	1.93239
4.83199	1.65381
4.24964	1.53068
3.80739	1.41577
3.98288	0.724359
4.07806	0.275498
4.18434	-0.0258581
4.10451	0.0146113
3.96829	-0.212719
3.92242	-0.307592
3.98759	-0.334408
3.91565	-0.362892
3.87591	-0.386842
4.07345	-0.335701
4.04987	-0.0623636
4.23451	0.325621
3.9369	-0.284437
3.66614	-0.0504421
3.45179	-0.193205
3.34085	-0.335068
3.21551	0.0672061
3.14753	0.394008
3.02396	0.453483
2.94867	0.537517
2.95156	0.756727
2.89588	0.537616
2.96463	0.642739
2.97177	0.514123
2.83556	0.52716
2.93036	0.553884
3.35405	0.467466
3.44908	0.393713
3.7582	-0.0172161
4.19263	-0.105288
4.47735	-0.00954934
4.99781	-0.205003
5.23221	-0.350446
5.08274	-0.171923
4.77812	0.527479
6.89495	0.636556
6.97271	0.930034
6.96113	0.803314
6.98409	0.73334
6.97083	0.662058
6.95226	0.558083
6.83058	0.631635
6.7821	0.674176
6.80219	0.71621
6.92472	0.755215
7.09036	0.762057
7.18649	0.763361
7.16542	0.885772
7.0212	1.06498
6.6754	1.38203
6.27707	1.63312
5.81295	1.92853
5.39503	2.26334
5.28479	2.16942
5.15917	2.24887
5.14807	2.18241
5.03548	2.19697
4.87431	2.23109
5.32319	1.75778
6.23074	1.4193
6.6334	1.53679
6.81705	1.56473
6.48387	1.7961
5.49152	1.87508
5.94108	1.85071
6.38301	1.83751
6.80492	1.6386
6.94116	1.58305
6.96476	1.54374
6.85409	1.63056
6.56131	1.87871
6.10417	2.1658
5.28854	2.0347
5.06198	2.02924
4.86339	2.01719
4.62871	2.11255
4.39959	2.04898
4.19529	1.95465
3.90123	1.94333
4.26582	0.971516
4.9561	0.472111
4.24473	-0.00997538
4.50261	-0.259689
4.5604	-0.425104
4.75677	-0.394068
4.64855	-0.0969674
4.20256	0.0995102
3.84794	0.871992
4.07709	1.05845
5.35819	1.39551
6.43473	1.78967
6.46127	1.86501
6.928	1.51528
6.93544	1.56317
7.02588	1.47548
7.0549	1.41161
6.99117	1.46663
6.90264	1.51341
6.7195	1.6112
5.84271	1.90937
4.26018	1.90035
3.75599	1.61325
3.48718	1.50007
3.45067	1.25856
3.4073	1.09999
4.15113	0.719978
4.5699	0.660384
6.0304	1.59891
6.50088	1.69133
6.73792	1.57218
6.68505	1.74557
6.86196	1.51083
6.63519	1.72082
6.40025	1.9106
5.90142	1.84203
4.13038	1.90781
3.64454	1.79027
3.76899	1.74359
3.60442	1.70537
4.62649	0.429922
4.51626	0.0691824
4.53877	-0.328116
4.77121	-0.686239
4.81535	-0.119819
5.09876	0.30101
5.075	0.983286
5.4669	1.50409
5.75461	1.65463
5.98227	1.61759
6.11656	1.53252
6.09666	1.68367
5.77327	1.84146
5.22148	1.58509
5.63842	1.566
6.06228	1.74138
6.24596	1.85835
6.38127	1.7895
6.43115	1.72101
6.21285	2.10744
6.2163	2.0058
6.16487	2.02133
5.73641	1.94505
5.13281	1.63894
5.00735	1.68946
4.73939	1.86095
4.59615	1.81648
4.2875	1.70348
3.84847	1.74185
3.4926	1.64746
3.37008	1.3869
4.68378	0.36554
5.63271	0.249477
5.03135	0.670373
4.27972	1.15826
4.40266	1.68794
6.09746	1.62634
6.06064	1.77952
6.13359	1.72911
5.86796	1.80361
5.396	1.77837
4.05872	1.66814
3.47832	1.30222
3.27471	1.39736
3.2578	1.20446
3.19811	0.948756
4.63366	0.368742
5.92425	0.558098
5.71752	0.660316
4.52501	1.24062
6.44038	1.52912
6.40937	1.91139
6.32427	2.06082
6.27514	2.00176
6.07702	1.99418
5.94794	2.14317
5.97876	2.07279
5.88887	2.04554
5.76364	2.04145
5.61558	2.04671
5.64428	1.81075
5.5003	1.70131
5.20494	1.65083
4.47301	1.61348
3.79611	1.65607
4.20242	0.964102
4.11984	0.958817
4.23469	0.720162
5.50754	0.40104
5.59331	0.543349
5.85588	0.694119
5.95642	0.729888
5.74715	0.360397
5.70577	0.322661
5.7608	0.234021
5.60966	0.425402
5.67059	0.322348
5.75212	0.304314
5.81691	0.287833
5.69111	0.508612
5.72468	0.564381
5.99348	0.446391
6.17906	0.468845
6.23438	0.738494
5.41913	1.12043
5.54819	1.22346
5.34447	1.57049
5.3325	1.71146
5.23351	1.6062
5.05197	1.68455
4.64443	1.86804
4.20593	2.03181
4.39542	1.82934
4.17906	1.75612
3.77256	1.49739
3.62058	1.55374
3.62425	1.27336
3.46195	1.10485
3.30411	1.07304
3.14994	0.886573
3.0315	0.900967
2.98769	0.872704
2.95776	0.696418
2.99786	0.823376
2.99768	0.647211
3.01231	0.528892
2.84798	0.573485
2.84088	0.547782
2.90523	0.435417
3.01071	0.729839
2.83924	0.530501
3.2944	0.106599
2.79731	0.561354
2.94895	0.610052
2.93689	0.621045
2.90646	0.447409
3.60346	0.102302
2.96955	0.30576
2.74457	0.403943
2.95266	0.694017
2.87455	0.777641
2.79739	0.83322
2.955	0.836644
3.69885	0.763245
4.75722	1.28166
5.20379	1.75787
5.74502	1.59606
5.76821	1.82432
6.29115	1.16086
6.63598	1.57489
6.68193	1.95744
6.83034	1.80086
6.84916	1.71214
6.53059	1.90023
6.21859	2.01652
5.79334	1.91656
5.19115	1.77533
4.92192	0.825148
5.03632	0.332474
5.19745	-0.139265
4.93171	-0.387537
4.93675	-0.41124
5.01847	-0.396233
4.95317	-0.258981
4.77243	-0.0679736
5.24214	1.26638
6.30531	1.74958
6.4205	1.8814
6.61843	1.79982
6.52799	2.05185
6.28095	2.36023
6.08967	2.38957
5.87776	1.89027
5.69981	1.7022
5.54828	1.70648
5.66514	1.81041
5.6387	1.89887
4.86364	1.82567
3.49418	1.65502
3.44293	1.4754
3.46013	1.41357
4.27264	0.912381
5.13688	0.320138
4.22959	1.02091
4.69887	1.71059
5.24207	1.8383
5.47911	1.99242
5.53906	2.10449
5.58361	1.99254
5.57974	2.02165
5.58679	1.96461
5.48361	2.24634
5.58173	2.30362
5.79324	2.213
6.39111	1.71038
6.33421	1.98333
6.31158	2.10259
6.3891	2.0993
6.43451	2.0511
6.1832	2.40898
6.25491	2.02228
6.18771	1.93398
5.94631	1.90984
5.52108	1.93804
5.27885	1.17457
5.0525	0.485325
5.03479	0.135748
4.83398	-0.250369
4.95742	-0.412472
5.12295	-0.332032
4.83447	-0.0728405
4.9388	0.0758844
4.70146	0.310241
4.99388	1.43545
5.14637	1.91699
5.36996	1.74889
5.4867	1.82852
5.45773	2.08309
5.24492	2.04259
5.13672	1.33575
4.98002	1.03482
4.9874	1.15925
4.67685	1.02964
3.45597	1.1596
3.15864	1.10353
3.02995	0.907972
3.07754	0.750136
3.03112	0.884468
3.10163	0.795246
3.16457	0.629771
4.82169	0.788925
5.04667	0.725334
4.96681	1.16406
6.13251	1.64601
6.35096	1.53509
6.35236	1.57539
6.35675	1.52909
6.31027	1.4997
6.24312	1.34328
5.90527	1.23686
5.12263	1.14312
4.38566	0.916892
4.48352	0.400383
3.69792	0.708541
3.19517	1.04959
3.83885	0.527412
4.27092	0.189606
3.91028	-0.322499
4.12526	-0.235479
4.2612	-0.56699
4.83413	0.598752
5.68261	1.4349
5.76167	1.52145
5.93198	1.55222
6.07746	1.57732
6.09519	1.80096
6.16558	1.83654
6.25478	1.81189
6.1738	1.91092
6.0903	1.81415
5.31157	1.78906
3.72521	1.75271
3.46915	1.51212
3.41631	1.46777
3.23826	1.09522
3.20362	0.949763
3.15945	0.921849
3.53837	0.994813
3.84216	1.17883
3.93609	0.961274
4.13917	1.36642
5.30881	1.9134
4.76238	1.86482
4.01812	1.74333
4.91442	1.93288
5.77953	1.71313
6.208	1.60514
6.31054	1.43932
6.2278	1.57472
6.18584	1.55835
6.25823	1.44094
6.12841	1.63075
6.13633	1.56572
5.977	1.64502
5.8153	1.67849
5.23766	1.9316
4.69783	1.88975
4.54294	1.93477
4.5583	1.86055
4.53524	1.8173
4.57054	1.89702
4.45367	2.01835
4.77674	1.64021
5.09142	1.12653
5.14014	0.780699
5.05227	0.713097
4.89669	0.777283
4.76592	0.817803
4.60551	0.944945
4.61532	0.78858
4.59909	0.729751
4.49688	0.818824
3.89799	1.20156
3.82402	0.866799
3.98747	0.403242
4.18223	-0.196766
4.14288	-0.681099
4.20616	-0.660746
4.01326	-0.908867
4.16751	-0.911039
4.27881	-0.878978
4.28581	-0.815251
4.24572	-0.718596
4.27292	-0.849163
4.23565	-0.717017
4.17835	-0.678488
4.121	-0.527118
4.4595	-0.289857
3.96133	-0.560198
3.80812	-0.290293
3.47151	-0.11736
3.51967	-0.381757
3.40242	-0.074299
3.32186	0.252077
3.22357	0.236898
3.08274	0.415599
2.99533	0.568174
3.03014	0.517291
2.98971	0.594629
2.89795	0.567353
2.86469	0.578009
6.25909	1.42545
6.32899	2.11351
5.88938	2.30728
5.2136	2.39415
5.01527	2.17018
4.8503	2.22681
4.77319	2.13721
4.5604	2.10161
4.27425	2.0318
3.78261	1.93457
3.6022	1.45046
6.2265	0.357185
5.85687	0.773142
5.96465	2.24209
5.70089	1.86513
5.63033	1.63413
6.17981	2.13656
6.37328	2.28076
6.43801	2.32003
6.5524	2.10143
6.34898	2.39865
6.29429	2.27763
6.03761	2.24806
5.62807	2.36924
5.16924	2.2063
4.89476	2.06684
5.09544	1.90417
5.2545	1.74723
5.33478	1.76396
5.55819	1.93926
5.78418	2.18367
6.10412	1.99523
6.11267	2.09486
6.19533	1.93858
6.14981	1.92686
6.15457	1.86729
6.11564	1.83527
6.03264	1.85971
6.05072	1.75798
5.97922	1.74538
5.89018	1.77849
5.97413	1.71675
6.05965	1.65135
6.07419	1.6411
6.02286	1.65972
5.83668	1.6175
5.78141	1.68787
5.96277	1.61263
6.0919	1.69553
6.22459	1.78669
6.35846	1.78147
6.31047	1.94696
6.37622	1.97858
6.35078	2.0713
6.38682	2.02744
6.3405	2.05236
6.27994	1.99057
5.64108	2.41513
5.25786	1.85447
5.15135	1.97796
5.24729	1.76733
5.12694	1.89268
4.97829	1.84656
4.84272	1.89211
4.67769	1.8608
4.47808	1.88457
4.17636	1.87411
3.82009	1.78595
4.49744	1.0125
5.37976	0.693065
5.08249	1.28484
5.69202	1.95113
6.17807	1.7261
5.34374	0.800791
4.84917	-0.376497
5.34738	-0.0578212
5.90933	1.35156
6.23088	1.93118
6.34906	2.0391
6.45751	1.93377
6.30249	2.17423
6.21916	2.30934
6.07699	2.32026
5.53936	2.36054
5.02444	2.1359
5.18669	1.89591
5.12883	2.04595
5.26238	1.94831
5.33038	2.21851
5.9861	2.13741
6.22217	2.33006
6.2799	2.24013
6.33131	1.95636
6.04684	1.88594
5.36663	1.95196
4.56555	1.96514
3.91551	2.00561
3.58831	1.55201
3.45047	1.22603
3.39942	1.072
5.0428	0.365404
5.79744	0.408084
4.68254	0.383031
5.17451	1.31909
6.29988	1.30278
6.17537	1.49128
6.11328	1.70468
5.52351	1.86372
4.37836	1.43289
3.59089	1.6286
3.52493	1.65775
3.50726	1.61066
3.48953	1.51622
3.36783	1.55193
3.39685	1.64207
3.59833	1.42059
3.61322	1.40705
4.25902	0.629117
5.0409	-0.0540662
4.74934	0.204571
5.26198	0.0621256
4.72223	-0.434529
4.60909	-0.0419069
4.53566	0.463479
5.03164	1.51502
6.10203	1.51551
6.0972	1.70817
6.0464	1.85886
5.09188	2.06629
5.14194	2.07061
4.90322	1.97763
5.24746	2.04183
4.59819	2.15346
4.45536	2.28731
4.37525	2.10102
4.47197	2.30805
4.27382	2.08729
4.0681	1.95337
3.57967	1.7393
3.21662	1.38421
3.1898	0.829752
3.1122	0.638744
3.07234	0.584001
2.9153	0.658271
2.97541	0.687188
3.08637	0.633058
2.95405	0.74665
3.0281	0.587697
3.14077	0.542335
5.3066	0.925799
4.64891	1.00729
4.45802	0.857297
3.99841	0.82713
3.75182	0.47185
3.60569	0.838262
3.45944	1.03339
3.23532	0.835906
3.14728	0.684981
3.27155	0.751443
3.02522	0.698968
3.00206	0.415894
3.06635	0.772606
2.94771	0.337712
2.95606	0.63442
3.02975	0.717563
2.62571	0.339984
2.95271	0.429835
2.78942	0.39728
2.8708	0.459063
2.94985	0.543816
2.90858	0.500401
2.92261	0.736105
2.93738	0.747007
3.44136	0.962801
5.40845	1.48517
6.53971	1.29446
6.44488	1.88636
6.56245	2.03251
6.70324	2.00895
6.83262	1.97461
6.96123	1.73069
6.91455	1.71183
6.77762	1.72988
6.56861	1.72512
6.22566	1.83322
6.0219	1.75568
5.78531	1.73654
5.59637	1.59882
5.38267	1.63593
5.27399	1.58676
5.26365	1.51346
5.19745	1.36343
5.26874	1.14333
5.28983	1.083
5.34572	1.03533
5.57312	0.94537
5.93677	0.902017
6.32319	0.787884
6.59174	0.56039
6.72656	0.333729
6.80353	0.146454
6.80907	0.081654
6.78984	0.118735
6.77401	0.252361
6.76632	0.408512
6.73828	0.624964
6.66263	0.936658
6.37461	1.32426
5.79623	1.61282
5.33048	1.5674
4.88916	1.68535
4.93287	1.57967
5.00135	1.93215
4.56515	1.90112
4.54442	1.95186
4.65105	1.82636
4.78933	1.82994
4.80142	2.0299
4.96111	1.96318
5.84578	1.68914
5.95275	2.20446
6.26403	2.04957
6.35473	1.98313
6.34459	1.98303
6.42639	1.82576
6.44107	1.81113
6.52252	1.64163
6.54413	1.60197
6.45403	1.6217
6.33287	1.62071
6.1094	1.60251
5.82233	1.47166
5.50146	1.18052
4.96089	1.07103
4.77261	-0.0263682
4.76823	-0.474251
4.73247	-0.652463
4.72893	-0.952845
4.94808	-0.889065
4.87581	-0.400815
4.90769	-0.616485
4.87784	-0.261176
4.35179	0.0750608
3.86729	0.738389
4.26088	1.66225
5.00154	2.03246
4.86232	1.95269
4.83375	2.05948
4.88793	2.01495
4.88796	1.87973
4.74769	1.95996
4.62338	1.99387
4.3113	1.94543
3.77771	1.79579
3.35466	1.40285
3.12683	1.11778
3.59744	0.818617
5.14432	0.656458
4.16106	0.985377
5.45125	2.19162
6.04008	1.77253
6.09698	1.76112
5.99976	1.75513
5.58347	1.86047
5.02624	1.70745
4.75602	0.92978
4.7051	0.21429
4.64139	0.0139966
4.57591	-0.0215174
4.64954	0.0185335
4.4509	-0.0272391
4.49337	0.241687
4.21509	0.409791
4.02401	1.03863
5.4252	1.77038
5.78211	2.25806
5.8007	2.10876
5.63519	2.16262
5.23097	1.90665
4.40806	1.78737
3.57384	1.49433
3.30255	1.3585
3.19893	1.12892
3.07946	0.795721
2.94563	0.979106
3.01503	0.836643
3.53245	0.821066
4.21396	1.11867
3.32425	0.939236
5.26672	1.09804
6.44891	1.12796
6.24279	1.50994
6.28041	1.37814
5.67965	1.64666
4.8147	2.01358
4.81739	2.11348
4.91186	1.98369
4.77064	2.07828
4.74695	2.07245
4.72975	2.0304
4.61752	2.03293
4.40861	2.06079
4.62662	1.55201
4.5876	1.1971
4.24391	0.838917
4.0156	0.613162
4.2578	0.384759
4.04256	0.0774221
3.97874	-0.0230286
3.75617	-0.190948
3.52506	0.116692
3.30743	0.447291
3.49349	0.99911
4.36705	1.98568
4.69915	2.17345
4.94169	2.3283
5.14168	2.33092
5.31845	2.29117
5.5452	2.15818
5.5071	2.14541
5.2784	2.1406
4.8655	2.25545
4.50491	1.71196
4.42833	0.988382
4.67749	0.224569
4.90251	-0.656567
4.98456	-1.05866
5.0642	-1.08489
5.23181	-1.25459
5.27684	-1.25877
4.96555	-1.13813
4.98829	-0.994356
4.83246	-0.669608
4.2391	-0.25251
3.83409	0.66477
4.3685	1.65647
4.89454	1.63645
5.02751	1.48774
5.10505	1.52913
5.23412	1.44302
5.17765	1.57961
4.93915	1.78157
4.69087	2.08235
4.88612	1.97424
5.00056	2.19991
5.28566	2.20556
5.58962	2.12392
5.86119	1.8803
6.00885	1.795
6.0152	1.79657
6.0788	1.75233
6.04656	1.84652
5.92785	2.0054
5.91051	1.94523
5.90247	1.86876
5.94513	1.98948
5.71391	1.81991
5.42014	1.83887
4.65175	1.93679
4.95997	1.6998
4.54757	1.7115
4.44539	1.66483
4.37698	1.79449
4.24137	1.79337
4.3633	1.71275
4.32445	1.52675
3.97667	1.54938
3.77997	1.36203
3.67673	1.37822
3.59629	1.18252
2.44262	0.0531478
2.84193	0.297324
2.87962	0.619191
2.78287	0.474334
3.52997	1.4094
4.38336	1.92266
4.98237	2.20604
5.05244	2.16859
5.28872	2.16974
5.42876	2.1309
5.55458	1.80275
5.12441	1.83273
5.15924	1.79673
5.35582	1.70666
5.92981	1.03882
5.82754	1.4086
6.25524	1.84212
6.42369	2.04951
6.62902	2.00326
6.6491	2.0875
6.63794	1.80019
6.55693	1.41037
6.23054	1.91542
5.79335	2.12905
5.46286	1.84586
4.94168	1.62007
4.10192	1.58945
3.91248	1.27961
3.72897	0.739242
3.98466	0.302492
5.28161	0.376354
5.93638	0.58053
6.12741	0.910036
6.22155	1.06877
6.39703	1.42263
6.55367	1.65361
6.68095	1.6086
6.55007	1.61161
6.10304	1.67016
5.35008	1.70152
5.18483	0.40256
5.05414	-0.197169
5.09945	-0.539688
5.1726	-0.313808
5.23616	-0.369562
5.18498	0.296806
5.19127	1.35202
5.23985	1.59716
4.79592	1.80938
4.37025	1.76557
3.88285	1.71984
3.7162	1.63754
3.53124	1.55432
3.49926	1.47524
4.9961	1.26497
5.74407	1.65409
6.20625	1.98323
6.36011	1.97331
6.56169	1.90911
6.59536	1.89423
6.28828	2.00853
5.59505	1.82446
5.70021	1.78521
5.79387	2.26205
5.19154	2.4286
3.89889	2.12863
3.65712	1.76864
3.48201	1.54152
3.39534	1.48943
3.41015	1.00294
3.23052	0.943252
3.41661	0.908276
3.28611	1.19536
3.51577	1.45551
4.0643	1.74226
4.50097	2.02438
5.11028	1.90952
5.37763	2.01768
5.56876	1.89567
5.00989	1.48075
3.83379	1.50432
3.43053	1.52493
3.38916	1.10948
5.2637	0.451541
5.39031	0.241617
5.20253	0.0906558
4.39412	0.704189
3.99418	1.26115
6.1579	1.7856
6.3384	1.86591
6.60552	1.56714
6.41809	1.74212
6.37516	1.64752
6.08715	1.7731
5.71468	1.88988
5.18961	2.02856
4.9564	1.93499
4.82833	1.81558
4.56027	1.97229
4.3663	1.83099
3.85148	1.73963
4.50925	0.653081
4.73708	0.168337
4.45927	-0.0203785
4.73277	-0.0427815
4.83866	-0.377788
4.83613	-0.142325
4.75343	0.741776
5.59952	1.52719
5.96172	1.54698
6.17322	1.53997
6.30145	1.55737
6.21294	1.90487
6.23876	1.98784
6.17711	2.1265
6.26858	1.96413
6.39071	1.84184
6.45637	1.87131
6.6637	1.68969
6.75168	1.5699
6.8528	1.31057
6.82466	1.14566
6.71915	0.861839
6.57442	0.590708
6.2089	0.549227
5.66767	0.859358
4.80467	2.00758
4.76545	2.04097
4.67207	1.9324
4.58282	1.94042
4.21453	1.90555
3.6651	1.60131
3.35164	1.40647
3.29292	1.21514
3.28028	0.977646
5.24353	0.171553
5.59702	0.343478
5.56093	1.37573
6.68877	1.57789
6.6158	1.65367
6.65051	1.67973
6.55341	1.89441
6.44562	2.06292
6.21502	2.04359
5.48516	1.49041
5.91372	1.70589
6.17871	1.97454
5.90097	2.16539
5.29911	2.18499
4.5937	2.18139
4.51355	2.08619
4.56611	1.98337
4.86799	1.94302
5.32482	1.8192
5.77782	1.82401
5.99316	1.96657
6.1197	2.01983
6.32609	1.87479
6.39995	1.74284
6.36423	1.79476
6.241	1.82742
5.68807	2.1656
5.06227	2.03883
4.90264	1.85779
4.86887	1.95266
4.88352	1.84702
4.86623	1.79101
5.36023	1.10054
5.41661	0.943658
5.55602	0.63241
5.71294	0.454849
5.81854	0.328329
6.08873	0.21187
6.28564	0.249067
6.49096	0.41574
6.58395	0.785425
6.6856	1.0164
6.67795	1.35032
6.73167	1.54277
6.81115	1.59519
6.69727	1.82197
6.30839	2.07446
6.27327	1.8099
6.28902	1.76085
6.60521	1.26394
6.40641	1.72729
6.68895	1.48126
6.95886	1.41145
6.93425	1.38073
6.71076	1.50774
6.46159	1.54669
6.1225	1.68026
5.76794	1.7345
5.42671	1.84356
5.17641	1.96411
5.09635	1.92303
4.94609	2.05348
4.92952	2.10326
4.85797	1.76722
4.74145	1.845
4.71504	1.74948
4.69425	1.72093
4.53452	1.82283
4.58929	1.63192
4.82728	1.12225
5.14071	0.606295
5.33229	0.449647
5.64085	0.306936
5.9261	0.243736
6.21285	0.33363
6.36949	0.51562
6.41705	0.708436
6.27711	0.98928
5.95465	1.35867
5.493	1.64714
4.98425	1.55532
4.646	0.992052
4.59115	0.291518
5.20686	-0.472956
5.14642	-0.59904
5.12022	-0.521234
5.03022	-0.676533
5.03777	-0.510383
4.82198	-0.419123
4.86107	-0.318528
4.81404	0.212636
4.59884	0.399917
4.17832	0.681299
3.91622	1.14276
4.33932	1.74942
4.94842	1.67009
4.63654	1.51744
4.52915	1.52803
4.34803	1.57887
4.4155	1.65091
4.26869	1.54737
4.59528	1.37917
5.22288	0.981347
5.5332	0.910343
5.74651	0.748249
5.95259	0.434455
6.13726	0.341206
6.2885	0.385349
6.39627	0.463328
6.5082	0.681453
6.38675	1.0277
6.48875	1.11298
6.33231	1.32305
6.21316	1.38315
6.11036	1.21975
5.82584	1.33935
4.50959	1.40786
3.62301	1.21873
3.39225	0.944845
3.30886	0.873877
3.74386	0.447822
5.26833	-0.196235
4.73654	0.593908
4.1424	0.424939
3.96538	0.449832
3.93749	0.547432
5.08358	0.935757
5.58133	0.627628
5.52146	0.74446
5.20788	0.618494
4.56031	0.730291
5.0713	0.912437
3.92168	0.312127
3.74174	0.486801
3.61831	0.336673
3.74378	0.609269
3.88289	0.599606
3.95692	1.0906
4.02861	1.09734
4.17428	0.785136
4.17265	1.03857
4.26772	1.54469
4.31152	1.80021
4.32533	1.80733
4.2807	1.96677
4.13682	1.71703
4.00227	1.85237
3.88336	1.66859
3.68991	1.5769
3.61167	1.26704
3.48874	1.27091
3.49317	1.17959
3.43993	1.15916
3.13265	1.0778
2.97277	0.829217
3.04122	0.542821
3.03285	0.648526
2.87052	0.717529
3.06895	0.668327
2.81108	0.57935
