2.86776	0.681109
3.19463	0.61011
3.02938	0.513155
3.04092	0.58366
3.02204	0.660228
3.08646	0.587215
3.18903	0.817809
3.27071	1.06633
3.31139	0.712694
3.33237	0.673644
4.91275	0.422458
5.09639	0.420791
5.31217	0.334467
5.22814	0.609081
5.26166	0.734739
5.44897	0.725261
5.77159	0.860159
6.16866	0.927359
6.45497	1.05796
6.43472	1.30146
6.36198	1.41892
6.15825	1.33734
5.86996	1.291
5.51062	0.846115
5.50886	0.196373
5.63348	-0.691736
5.69949	-1.14533
5.71445	-1.27626
5.82403	-1.4506
5.98947	-1.3114
6.00358	-1.15873
5.79489	-0.652041
5.46686	-0.112703
5.66296	1.31378
6.23122	1.60331
7.00384	1.1582
7.40667	0.745172
7.45036	0.681581
7.36901	0.835734
7.31223	0.915025
7.05864	1.19183
6.60012	1.46904
6.05493	1.45294
5.41212	1.03736
5.31535	0.255517
5.00744	0.0696179
5.20032	-0.127242
4.99728	-0.00323836
4.80442	0.939531
4.77294	2.13713
5.14454	2.27612
5.40696	2.04297
5.53454	1.7646
5.64476	1.57802
5.58574	1.57188
5.6081	1.43552
5.81363	1.34944
6.0978	1.29612
6.28793	1.2095
6.4324	1.1492
6.47221	1.30864
6.4091	1.55734
6.20159	1.71175
5.94531	1.8688
5.7608	1.91099
5.55953	1.89992
5.17555	1.94938
4.68907	2.01813
4.20522	1.92446
3.84589	1.80041
4.1081	1.94428
4.91581	1.83855
5.56614	1.67562
5.70361	1.88718
5.84565	1.79315
5.83438	1.54734
4.2024	1.71626
3.77131	1.42097
5.66489	0.403017
6.01103	0.831413
6.40743	0.656951
6.47748	0.553348
6.47852	0.446165
6.4052	0.510953
6.24163	0.638144
6.12639	0.756299
5.87936	1.00834
5.62129	1.41886
5.3806	1.63659
5.15504	1.76217
4.78497	1.9045
4.48879	2.04944
4.35919	1.83565
4.20385	1.96413
4.29788	1.77131
4.23277	1.89562
4.04712	2.08482
4.06669	1.96603
3.87877	1.89688
3.86892	1.8568
3.83724	1.72248
3.6131	1.63151
3.65406	1.49999
3.63655	1.29008
3.47313	1.27818
3.42438	1.17583
3.29859	0.913612
3.27238	0.799388
3.30387	0.731748
3.27703	0.955513
3.20522	0.796718
3.35309	0.841783
3.17127	0.824888
3.05612	0.921113
3.1471	0.773195
3.06844	0.765502
3.09923	0.87965
3.06159	0.704274
3.05262	0.741103
3.13236	0.754667
2.99357	0.88891
2.89333	0.581825
2.87363	0.579314
2.78619	0.685433
2.90979	0.624616
2.8834	0.6026
2.95414	0.742292
2.70985	0.775996
2.81096	0.902501
3.30791	0.66949
5.30851	0.714401
4.67572	1.53813
5.06858	1.35814
5.37585	1.2835
5.61652	1.26778
5.8728	1.31304
6.12031	1.36534
6.08337	1.32509
5.71515	1.42944
4.6944	1.73191
4.65237	1.73366
5.3218	1.57982
5.98575	1.55308
6.57244	1.28357
6.82272	1.2099
6.82213	1.17311
6.90206	1.00954
7.11124	0.821313
7.04121	0.870752
6.85209	0.991363
6.55484	1.24443
5.868	1.56447
4.96999	1.96087
4.97916	1.8643
4.90683	1.76359
4.94808	1.67686
4.88978	1.81261
4.89623	1.7804
4.87251	1.87715
4.77252	1.79986
4.77034	1.71833
4.79149	1.64863
4.62098	1.84848
5.60913	1.00652
6.77571	0.355538
6.91571	0.283955
6.92625	0.31481
6.78058	0.543959
6.6189	0.718725
6.28258	1.09639
6.01128	1.40996
5.63902	1.70977
5.40326	1.9035
5.35094	1.92085
5.07265	2.05333
5.1231	2.0294
5.20173	1.89416
5.29988	1.8302
5.52937	1.82116
5.60554	1.80702
5.22987	1.86086
4.97732	1.69166
6.2088	1.59243
6.84865	1.29205
7.07747	1.16777
7.02903	1.24172
7.12702	1.19085
7.16028	1.19578
7.02661	1.22331
6.80225	1.19934
6.3313	1.24232
5.48195	1.35039
4.88517	1.47057
4.52193	1.62966
4.85927	1.39825
5.4902	1.1494
6.14081	0.690395
6.53102	0.427848
6.59911	0.30572
6.60046	0.214926
6.58137	0.213544
6.52969	0.211847
6.48051	0.192474
6.42589	0.191616
6.32385	0.377881
5.95108	0.801925
5.49735	1.16434
4.90511	1.40458
4.89947	1.08058
5.36468	0.35836
5.48909	0.119092
5.25442	0.0800697
5.3357	-0.0909526
5.3716	-0.0303611
5.42383	-0.0382763
5.51979	0.0163509
5.23214	-0.0345315
5.03108	-0.0150566
4.87933	0.558422
4.89329	1.11886
5.435	0.959045
5.67922	0.570212
5.63582	0.278288
5.47926	0.131755
5.36651	0.290389
5.23389	0.390088
4.98677	0.52665
4.88208	0.593705
4.99779	0.518509
5.25351	0.322326
5.68275	0.0609013
6.21384	0.0504642
6.52028	0.0659254
6.8458	0.292503
6.98239	0.519342
7.09563	0.77129
7.04184	1.00151
6.94897	1.15486
6.789	1.33833
6.57969	1.44495
6.22754	1.65381
5.83935	1.7165
5.55637	1.48386
5.13859	1.5039
5.12041	1.47414
5.44268	1.32907
5.78263	1.19267
5.96627	1.11767
6.17537	1.07259
6.42242	0.914213
6.57257	0.785681
6.58098	0.762212
6.65214	0.710133
6.77571	0.56633
6.8012	0.585278
6.70009	0.770915
6.57374	0.939246
6.39287	1.16934
6.18462	1.23246
5.25395	1.38296
4.54167	0.545943
5.74795	0.502131
4.98736	1.39795
4.8773	1.24625
4.30989	0.797991
5.37134	1.04358
5.50341	2.08703
4.76595	1.70958
5.22554	1.89778
6.0185	1.82406
6.02646	1.7398
5.93778	1.8123
5.86691	1.85713
5.78803	1.8244
5.64006	1.82095
5.39158	1.88983
5.36452	1.78906
5.1774	1.91726
4.88558	2.00664
4.72983	1.94224
4.4981	1.92978
4.1784	1.80348
3.60164	1.51563
3.318	1.42057
3.35372	1.3169
3.15868	1.06943
3.05152	0.970006
3.14827	0.954892
3.06932	0.928192
3.10653	0.918575
3.16605	0.931967
3.18198	0.82002
2.98916	0.977839
3.0718	0.87588
3.02755	0.679053
2.83576	0.766435
3.08216	0.755696
3.0987	0.608079
3.11863	0.71914
3.05962	0.625615
3.10214	0.66655
3.07205	0.773397
3.09843	0.617501
2.98431	0.588869
3.4671	0.522993
5.27443	0.652743
5.40091	1.94943
5.85729	1.90959
5.31063	2.06586
5.17512	1.98677
6.14213	1.82918
6.45018	1.74098
6.53193	1.59408
6.55393	1.36393
6.52837	1.17205
6.47209	0.980975
6.25034	0.894254
5.86934	1.0104
5.74014	0.548685
5.782	0.322776
5.65883	0.285934
5.87223	0.469283
5.91423	0.97244
5.88453	1.53781
6.15635	1.68634
6.36045	1.67797
6.72121	1.09024
6.9764	0.838268
6.90437	0.92024
6.52462	1.0983
5.48528	1.47152
5.01847	1.57314
5.00579	1.70821
4.98371	1.76381
5.23428	1.67895
5.93671	1.61236
6.38133	1.44364
6.50056	1.46771
6.2065	1.75023
5.8922	1.92894
5.44067	2.17253
5.25917	2.23138
5.31026	2.22715
5.21099	2.2729
5.16081	2.32135
5.19017	2.21942
5.21504	2.19155
5.20578	2.21005
5.69268	1.78553
6.80464	1.54272
7.18247	1.46489
7.2145	1.48797
7.03235	1.65892
6.61802	1.85775
5.94821	1.71074
4.62043	1.31218
4.3343	1.02662
4.42987	0.607556
5.04833	-0.00033752
5.56347	0.0588288
4.92604	0.170824
3.55704	1.02456
3.48886	1.2034
3.49003	1.03861
3.83348	0.581614
5.92329	0.165726
5.72321	1.71467
5.96053	2.02748
5.78652	1.23921
6.11294	1.74112
6.5403	2.0633
6.68966	1.8042
6.48042	1.77516
5.7564	1.80621
4.43195	2.16053
3.88552	2.06333
3.84633	1.6625
3.6966	1.59576
4.56097	1.82969
4.39438	1.98135
5.09908	1.82797
5.53901	1.69332
5.50838	1.67897
5.46819	1.71762
4.87802	1.8778
3.7684	1.92613
3.65902	1.88036
3.5546	1.71326
3.35807	1.65074
3.30283	1.1859
3.39767	1.09198
3.29095	1.07413
3.32005	0.961189
4.88281	0.571793
6.38885	1.55739
6.98493	1.49062
7.07489	1.40735
7.29789	1.32225
7.39318	1.27946
7.39025	1.26005
7.24651	1.40761
7.30705	1.36351
7.18216	1.47886
6.94621	1.67067
6.7005	1.70579
5.75338	1.90696
4.32442	1.88372
4.12026	1.76886
3.91257	1.69753
3.87451	1.5302
3.74877	1.22749
3.61895	1.13942
3.63134	1.13418
4.49602	0.412425
6.27585	0.601486
6.30755	2.08285
6.47451	2.03156
6.25786	2.20236
6.05132	2.36304
6.16988	2.0103
5.80128	1.17715
5.27952	1.17511
4.86075	1.79556
3.74522	1.7936
3.52521	1.47268
3.44053	1.28176
3.13604	1.15716
3.99114	0.817378
5.79059	0.697108
5.43475	1.37133
6.18495	1.4102
6.28184	1.4033
6.22081	1.47704
6.19639	1.38916
6.01345	1.33056
5.60962	1.34352
5.14649	1.41352
5.2205	0.562012
5.12266	0.307401
5.3562	0.143443
5.31226	0.099064
5.6424	0.248099
5.62645	0.610362
5.57519	1.12167
5.639	1.63908
5.93382	1.78569
6.32424	1.67025
6.82052	0.999304
6.55429	1.07398
6.28309	1.29021
6.20694	1.19913
5.6296	1.35165
5.30471	1.43465
5.26702	1.6067
5.84272	1.31875
6.1898	1.16976
6.35351	1.13769
6.38271	1.11622
6.40362	1.11156
6.28497	1.20844
5.98819	1.25183
5.50419	1.59256
5.0873	1.30482
5.08731	0.406026
5.10695	-0.109939
4.89414	-0.0579039
4.7852	-0.388667
4.66099	-0.460993
4.83631	-0.493865
5.18811	-0.436655
5.41733	-0.272313
5.19925	-0.238374
5.03299	0.209561
4.47578	0.369166
4.23871	0.78215
4.74287	1.89161
5.23586	1.73648
5.32289	1.64699
5.69597	1.34303
5.19399	1.32885
5.73542	1.31884
5.43535	1.38009
5.0976	1.45278
5.44139	1.60302
4.33708	1.98961
4.46839	2.17945
3.83261	2.09828
3.37069	1.45256
3.31094	1.10724
3.33183	1.21805
3.31906	0.850598
3.23223	0.755856
3.2721	0.930734
3.32046	1.23355
3.29567	0.982833
3.24651	0.893766
3.48563	1.0234
4.96001	1.19619
4.31447	1.38317
3.47763	0.940951
3.78576	1.01949
3.82183	1.06668
3.99152	1.15599
3.61916	1.11512
3.27963	1.26917
3.32263	1.07145
4.20616	1.6311
4.38976	1.69843
4.64682	1.71917
4.89149	1.64245
4.98468	1.59235
5.11998	1.47838
5.17742	1.46198
5.91365	0.787162
6.12348	1.17082
6.59113	1.18861
6.60565	1.20968
6.31904	1.46011
5.80173	1.68545
5.4707	1.99513
5.40623	1.93202
5.45251	1.84847
5.49247	1.76609
5.50563	1.66664
5.41594	1.65519
5.76199	1.55515
5.71225	1.77073
5.773	1.67909
5.75816	1.64067
5.69452	1.5963
5.63994	1.51366
5.41731	1.59675
5.15942	1.56354
5.11522	1.65953
5.45515	1.57957
6.21928	1.62278
6.76194	1.50871
7.13453	1.42311
7.29088	1.24939
7.2708	1.21035
7.22819	1.13581
6.93828	1.17086
6.21904	1.35226
4.6733	1.65319
3.9097	1.51213
3.78226	1.50505
4.29741	0.76285
4.74752	0.485233
4.60875	-0.0722002
5.46745	-0.18021
5.41877	-0.371736
4.64105	-0.0427661
3.57096	1.09058
3.4983	0.94732
3.47865	0.862379
3.30523	0.86906
3.32537	0.789727
4.07805	0.762303
5.45811	1.47941
6.02495	2.17357
6.47027	1.84139
6.72096	1.52601
6.83987	1.35861
6.70614	1.3429
6.18111	1.51182
5.09389	1.71369
4.98103	1.70627
4.77554	1.90356
4.61211	1.99067
4.51374	1.76902
4.14527	1.8334
4.18648	1.21102
3.98003	0.515386
4.39528	0.337375
5.33715	0.0369835
5.75006	0.142311
5.17182	0.360107
5.00698	0.492012
5.3088	0.960508
5.74304	1.96134
6.1506	1.8018
6.53878	1.56682
6.52979	1.52545
6.39121	1.53812
6.00588	1.56374
5.00635	1.85626
4.0141	1.89183
3.80217	1.49184
4.55945	1.3235
5.22872	1.5942
5.7262	1.47596
5.82023	1.4325
5.94025	1.39407
5.84729	1.46367
5.52622	1.61742
4.96611	1.69206
4.96884	1.06434
5.5049	0.119358
5.01609	-0.16188
4.80062	-0.0187851
5.12999	-0.369158
5.4547	-0.579229
5.33731	0.0117783
4.52055	0.350916
3.60903	0.760554
3.34856	0.890018
3.25675	1.03327
3.22766	0.667191
3.38554	0.649857
5.08136	1.27026
4.86963	1.53164
4.96889	1.79643
5.78546	1.64994
6.03497	1.50338
6.20115	1.52534
6.23223	1.47245
6.14609	1.50915
6.07401	1.61203
6.01776	1.6203
5.89082	1.73076
5.78536	1.75029
5.45198	1.89828
4.95859	2.00946
4.03501	1.92604
3.73127	1.63648
3.77373	1.49753
3.43883	1.27925
3.45697	1.1461
3.25321	1.06829
3.31393	1.02373
3.30608	0.966697
3.39005	1.07164
3.34939	0.947088
3.59287	0.682773
5.34707	0.088911
4.93476	-0.295516
4.73402	-0.504933
4.63981	-0.59847
4.5517	-0.493159
4.37498	-0.266551
4.25412	-0.241365
4.34846	-0.393218
4.30893	-0.41941
4.52479	-0.419873
4.50148	-0.320959
4.21387	-0.522849
4.14238	-0.501153
4.2443	-0.440531
4.31217	-0.340889
4.16188	-0.259207
3.69819	-0.0623678
3.45809	0.331608
3.26198	0.599762
3.04731	0.95433
3.09853	0.734497
3.05724	0.70289
3.00402	0.660577
3.09442	0.697649
3.1282	0.738379
3.1243	0.767087
3.40078	0.752782
3.23686	0.915991
3.19228	0.795359
3.17801	0.663726
3.1693	0.585104
3.18083	0.805256
3.12175	0.586333
2.9747	0.620971
3.04672	0.639875
3.44625	0.663925
5.60363	0.840175
4.85994	0.61469
4.80018	0.895668
5.6009	0.46814
5.72887	0.323311
5.67623	0.371477
5.53242	0.917999
5.28572	1.59015
5.38655	1.59315
5.44379	1.60002
5.34845	1.72177
5.44713	1.58432
6.16938	0.92572
6.74227	0.765509
7.16505	0.978824
7.38824	1.15452
7.56919	1.2297
7.54902	1.30615
7.47972	1.32446
7.21604	1.40131
7.00788	1.52838
6.83647	1.60367
6.47277	1.70051
5.53258	2.02
4.35959	2.00066
3.95273	1.74223
4.01543	1.68998
3.95944	1.50703
3.8928	1.31438
5.5408	1.03803
6.28054	1.1833
6.61957	1.66242
7.32649	1.26434
7.55468	1.08002
7.60535	1.05602
7.62762	1.10397
7.58708	1.17375
7.3438	1.40369
6.89827	1.64425
5.70403	1.91043
4.60862	2.02737
4.39838	1.80284
4.14526	1.34786
4.08472	1.51346
4.41768	1.04378
4.36984	0.759876
3.73957	0.937071
3.60584	1.05499
3.42055	1.0861
3.47931	1.18046
3.50835	1.05815
5.17098	1.43877
4.8718	1.72995
5.75121	1.93908
6.37392	1.73151
6.53388	1.7729
6.46732	1.9227
6.40051	1.92454
6.1841	1.84379
5.79618	2.03894
5.16998	1.71504
4.86632	1.06246
4.90467	1.08963
5.19176	1.5981
5.45118	1.93576
5.97328	1.84161
6.25849	1.66977
6.28847	1.74746
6.17828	1.80426
6.02239	1.86653
5.69297	1.8901
5.30269	1.56916
5.27833	0.659535
5.28024	0.498096
5.21227	0.354992
5.10457	0.380718
5.12031	0.344996
4.8019	0.608796
4.33082	1.89217
4.64917	2.05421
4.8915	2.06602
4.95608	2.0008
5.04837	2.02553
5.73818	1.59808
6.69323	0.88836
6.93368	0.512051
6.96802	0.31409
6.91653	0.155727
6.75535	0.121005
6.37863	0.296411
5.89552	0.581349
5.22174	1.14625
4.8004	1.4701
4.43071	1.58176
4.3007	1.52359
4.26876	1.21455
4.40721	0.887395
4.68135	0.645394
5.114	0.112605
5.2065	0.377125
5.10377	0.585061
5.05941	0.746787
5.09027	1.02569
5.3614	0.969654
5.46076	0.92091
5.47627	0.906653
5.42712	0.884792
5.22939	0.92446
5.0027	0.864883
5.18559	0.80066
5.50429	0.573379
5.84608	-0.116837
5.75593	-0.298272
5.04322	-0.234598
3.9092	0.290956
3.54853	0.549071
3.45198	0.955444
3.26911	0.80751
3.33751	0.78331
3.38259	0.876528
3.36922	0.797508
5.09312	-0.432821
6.12591	-0.234609
5.23724	1.20738
5.87282	1.70202
6.43716	1.2277
6.57041	1.16208
6.64305	1.11983
6.60786	1.18304
6.51872	1.29071
6.4066	1.36231
6.09836	1.4192
5.50175	1.50384
4.94652	1.06848
4.4743	0.922209
4.23161	0.855404
4.45529	0.384353
5.0067	-0.0237414
5.10553	0.312885
5.84772	1.58408
6.18033	1.57505
6.41957	1.39859
6.55204	1.30292
6.49698	1.42394
6.41387	1.50951
6.29446	1.53584
5.99916	1.57344
5.16051	1.49739
5.34518	0.779413
5.49244	0.00164009
5.20274	-0.317948
4.84145	0.027797
4.90008	-0.0329242
5.02125	-0.15539
4.72956	-0.137876
3.90703	0.5675
3.43945	1.12952
3.3855	1.04551
3.32286	0.959029
3.36392	0.942195
3.3684	0.815509
3.25382	0.802062
4.49045	0.560565
4.99677	0.923782
5.36609	1.3553
4.68811	1.98502
5.64915	1.88748
6.37909	1.58637
6.6536	1.19815
6.69102	1.0127
6.72462	0.686289
6.6611	0.582015
6.50868	0.663207
6.25321	0.909545
5.92076	1.30601
5.52094	1.67117
5.25526	1.7818
5.13695	1.92876
5.0697	2.04077
5.35059	1.90958
5.765	1.91032
6.02924	1.83795
6.22595	1.84638
6.61737	1.51314
6.82847	1.29982
6.85602	1.19906
6.72062	1.24185
6.56309	1.35871
6.28839	1.51958
5.69764	1.65806
5.03909	1.96508
5.08202	1.84007
5.1586	1.76304
5.15295	1.79819
5.9838	1.42143
6.51366	1.08638
6.63939	0.879201
6.76054	0.655466
6.72805	0.543311
6.57891	0.517313
6.15979	0.608425
5.00864	1.54479
4.90808	1.61685
4.92652	1.74957
5.14236	1.34082
5.768	0.373178
5.88299	0.100457
5.94148	0.0480731
5.98471	0.345269
5.75129	0.944115
5.07177	1.81358
4.95131	1.93588
4.86691	1.82165
4.58613	1.98966
4.37879	2.00949
3.86248	1.76513
3.5728	1.56701
3.63342	1.33451
3.47506	1.08081
3.35874	1.08046
4.24215	0.680829
4.86594	1.35926
5.04733	1.9504
5.12674	1.77692
5.46079	1.7666
5.72163	1.91086
5.60819	2.068
4.58734	1.79374
4.58777	1.88743
5.40731	1.71051
5.59624	1.92577
5.34353	1.84403
4.97012	1.04305
4.59224	0.562839
3.47792	1.06415
3.36467	1.07143
3.32694	1.18306
3.41762	1.2367
4.34661	0.41086
5.70515	0.521876
6.43275	1.37283
6.5616	1.37566
6.62149	1.29437
6.59789	1.24373
6.49157	1.28328
6.48399	1.26498
6.45153	1.20414
6.31882	1.23028
6.15148	1.28604
5.91973	1.4557
5.63047	1.59051
5.26938	1.73589
4.69524	1.70905
4.41845	1.56741
4.28777	1.61846
4.1581	1.66551
4.10638	1.78922
4.04712	1.75315
3.96602	1.63377
3.94492	1.8327
3.82763	1.93876
3.7559	1.80147
3.81401	1.7358
3.76742	1.62411
3.46489	1.57005
4.15924	1.18783
4.25778	0.984255
3.85747	0.389188
3.98981	0.144771
4.10252	-0.184785
4.16276	-0.239631
4.40789	-0.108303
4.37232	-0.261618
4.19201	0.144471
4.10945	0.0657194
4.27556	-0.0711595
4.19183	-0.146223
4.1119	-0.2508
3.9857	-0.0964922
3.92333	0.145956
3.71557	0.446015
3.66585	0.532368
3.44522	0.657318
3.2947	0.821554
3.33415	0.700663
3.23105	0.740124
3.20988	0.803407
3.08439	0.92778
3.13385	0.914679
3.15378	0.760606
3.15255	0.741002
3.245	0.765753
3.11698	0.703971
3.06755	0.756338
3.11119	0.602275
4.9009	-0.226883
5.26815	-0.0891516
5.44808	0.372706
5.98358	0.13092
6.19402	0.174938
6.20477	0.521716
5.80635	1.1254
4.91603	1.65239
4.60329	1.71783
4.70167	1.77974
5.29446	1.82904
6.34818	1.70745
6.90119	1.49475
7.14672	1.39359
7.08979	1.51969
7.02823	1.44656
6.84742	1.4612
6.27801	1.67914
5.54786	1.80596
5.00001	1.4753
5.60534	0.85126
5.74652	0.165245
5.39337	0.0538065
5.49956	-0.100283
5.53122	-0.0571548
5.6008	0.0632322
5.41723	-0.122589
5.41864	0.0656562
5.18052	0.119072
5.09802	0.019984
4.68359	0.357591
5.45526	1.21984
5.97623	1.1828
6.30437	0.865077
6.40551	0.89726
6.37205	0.98745
6.21338	1.12685
5.73091	1.35404
5.07313	1.39781
4.47641	1.82612
4.00394	1.79211
3.69824	1.54518
3.72262	1.67094
3.66261	1.55977
3.70503	1.45701
4.11091	1.44485
5.08339	1.346
5.50853	1.33566
5.57065	1.35097
5.64609	1.40932
5.82273	1.29049
5.78942	1.50456
5.59865	1.73663
4.55127	1.83421
5.03665	1.35556
6.23429	1.41977
6.67113	1.39177
6.77931	1.44707
6.73935	1.40282
6.81593	1.17569
6.87354	1.07339
6.85184	1.09565
6.8435	1.00867
6.69391	1.04387
6.40587	1.20443
5.53962	1.54677
4.80668	1.68375
4.76962	1.54242
4.82477	1.59137
4.78974	1.68364
4.70533	1.60341
4.83874	1.58669
5.85939	1.34084
6.38453	1.07388
6.76487	0.852431
6.8657	0.823103
6.96736	0.809494
7.02266	0.82603
7.07394	0.750762
7.055	0.769215
7.03	0.804947
6.82663	0.765011
6.4597	0.754358
5.76414	0.966038
5.0226	1.63553
4.80802	1.77451
4.90287	1.86548
4.74231	2.05119
4.62176	2.23415
4.53554	1.92787
4.63618	2.00643
4.65309	2.05944
4.58098	2.08136
4.58922	1.97884
4.36916	2.13004
4.16103	2.11885
4.20072	1.6575
5.08599	0.876339
4.23104	1.10844
4.31928	0.749931
4.51093	0.614072
4.76525	0.659576
4.92877	0.542553
5.1579	0.335849
5.12845	0.440946
5.34072	0.375622
5.4182	0.229331
5.51624	0.195477
5.59757	0.077857
5.7173	-0.0111063
5.8524	-0.00931578
6.06348	0.0884397
5.96546	0.190313
6.03376	0.403787
6.09012	0.501274
6.2453	0.691306
6.25794	0.990494
6.2373	1.14885
6.30115	1.24589
6.26548	1.3237
6.28419	1.3096
6.19788	1.35696
6.10926	1.40937
6.10613	1.32935
5.99298	1.28429
5.96894	1.20683
5.85556	1.15203
5.53491	1.19691
5.18085	1.12625
4.65574	1.26219
4.13151	1.6044
4.00362	1.84595
4.00287	1.88937
4.02531	1.82993
3.93684	1.87001
3.89091	2.03967
3.86637	1.81722
3.85964	1.87569
3.771	1.82106
3.60318	2.01721
3.75962	1.86848
3.68968	1.80403
3.58842	1.60738
3.48213	1.4262
4.19927	0.751455
4.38249	0.503359
4.14073	-0.194232
4.16408	-0.517441
4.36468	-0.702405
4.42269	-0.688737
4.54876	-0.572215
4.55734	-0.707834
4.58653	-0.676765
4.68774	-0.63542
4.87056	-0.899645
4.57204	-0.690073
4.362	-0.70966
4.6714	-0.853212
4.51029	-0.77046
4.4752	-0.244365
4.14448	-0.0750915
3.74042	0.237323
3.6849	0.329566
3.39509	0.438989
3.1053	0.596402
6.90232	0.272208
7.00324	0.277124
6.84771	0.390457
6.39061	0.643505
5.35985	1.38356
5.1891	1.60124
4.90739	1.6542
4.67769	1.71819
4.39285	1.79763
4.01589	1.43059
3.74745	0.956054
4.64427	0.359337
5.43702	0.761285
5.53798	1.3297
6.35176	1.36871
6.26471	1.13481
5.19974	0.37964
5.45015	0.55871
6.69959	1.38066
6.84433	1.29271
6.7157	1.59497
6.37416	1.85768
5.86163	1.99067
5.51837	1.72939
5.23674	1.555
5.20985	1.08841
5.51431	0.491391
5.49843	0.0120125
5.11235	0.0844569
4.46252	-0.150389
3.55514	0.715902
3.23704	0.923016
3.1245	0.914626
3.23858	0.84666
3.2646	0.797005
3.22807	0.906666
3.26277	0.792474
4.95584	-0.25469
5.58468	0.433774
5.98317	1.76843
6.94557	1.28773
7.29963	0.943799
7.32359	0.865335
7.38048	0.756336
7.36271	0.739323
7.34451	0.807402
7.31785	0.917987
7.22612	1.02459
7.14774	1.04607
7.08131	1.07418
6.88238	1.20535
6.56087	1.31851
6.06739	1.51063
5.0576	1.85636
4.94389	1.67544
4.80113	1.93887
4.67342	2.02722
4.63939	1.82044
4.40056	2.02385
4.2539	1.85528
4.44653	1.3845
3.93499	1.33101
3.65037	1.3882
3.72079	1.09054
3.74273	0.597291
4.00754	0.541244
4.06305	0.420382
4.05661	0.419994
4.52702	0.179359
4.77259	0.254714
4.70993	0.86524
5.3872	2.04617
5.95244	2.13241
6.66616	1.76788
6.99225	1.46986
7.05422	1.45106
6.85165	1.71041
6.06562	1.67602
4.7922	1.40163
6.44595	1.79679
6.32532	1.8571
5.05117	1.6704
5.8209	1.66662
6.56385	1.76721
6.56642	1.66226
6.59917	1.67474
6.86217	1.61977
7.27512	1.37109
7.45675	1.24009
7.39918	1.2787
7.43501	1.20081
7.40306	1.19955
7.46124	1.11289
7.53646	1.04304
7.43433	1.0894
7.38688	1.03441
7.32683	0.947697
7.04734	0.979847
6.7645	0.99555
5.64727	0.951532
5.13194	1.15941
6.31152	0.639133
6.436	0.487694
6.29902	0.417397
6.12462	0.276806
6.04036	0.307003
5.80052	0.202736
5.63863	0.289704
5.47213	0.339232
5.21098	0.501994
5.06934	0.460762
4.89001	0.675303
4.74757	0.73427
4.29521	1.00927
4.12666	1.32489
3.80768	1.47999
3.66355	1.33824
3.58131	1.44685
3.54764	1.39811
3.4113	1.32362
3.33584	1.11975
3.32626	1.01472
3.22787	1.01843
3.149	0.967281
3.17051	1.05496
3.19914	0.870539
3.16877	0.96245
3.01989	0.861616
3.06562	0.863932
3.12232	0.669112
3.09529	0.704734
3.09739	0.95833
3.01838	0.921339
3.1002	0.785805
5.30954	0.252242
5.57117	1.11897
6.51319	1.70411
6.87255	1.43588
7.04499	1.39227
7.00773	1.3388
6.87125	1.37177
6.68535	1.37745
6.01054	1.71213
5.21965	1.84543
5.10958	2.0387
5.10974	1.98003
5.07425	1.86645
4.99956	1.84374
4.84357	1.98457
4.78516	1.87989
4.65976	2.02605
4.45455	2.08526
4.25721	1.99924
4.66242	1.58597
6.36535	0.555614
6.807	0.266167
6.93721	0.217704
7.09171	0.249186
7.21974	0.209794
7.41388	0.304052
7.51808	0.498798
7.4316	0.796362
7.28441	1.10777
7.0458	1.38769
6.2855	1.71083
5.3413	2.03024
5.16065	2.00268
5.13005	1.92775
4.76162	1.86474
4.4181	1.80198
4.19837	1.76538
3.87981	1.17169
3.71839	1.11596
3.71777	1.14439
4.24583	0.767612
5.30963	1.33185
5.71492	1.88404
5.87533	1.74016
5.73667	2.05706
5.14212	2.12082
4.82211	1.76095
5.95192	1.78254
6.04947	1.73792
5.93543	1.69141
5.73613	1.75001
5.59075	1.73768
5.55628	1.78298
5.7116	1.72213
5.91181	1.7791
6.05825	1.7023
6.10377	1.64775
6.19002	1.42924
6.2558	1.08014
6.22769	0.934067
6.27966	0.899642
6.85954	1.08089
7.02349	1.09665
7.10306	0.98384
7.23154	0.852093
7.18367	0.833323
7.2266	0.753829
7.18111	0.74056
6.98913	0.939429
6.67784	1.2096
5.83006	1.49064
5.29876	1.78581
5.1322	2.06145
5.28499	1.98775
5.42226	1.91725
5.40242	2.05557
5.50031	2.00807
6.21733	1.73808
6.54956	1.70295
6.72087	1.58977
6.70722	1.65065
6.73152	1.605
6.75661	1.52787
6.7693	1.46453
6.60046	1.59945
6.36129	1.72774
5.74863	1.84434
5.02663	1.86564
4.87579	1.37655
5.17087	0.616017
5.30644	0.0741706
5.26266	0.221027
5.22359	0.328183
5.10215	0.26999
5.0135	0.173097
4.40759	0.0814284
3.92212	0.597033
3.46429	1.0231
3.33362	1.00706
3.29588	0.936603
3.69622	1.75655
4.41909	1.84351
4.73544	1.55597
4.96296	1.4068
5.75255	1.05644
5.84879	1.19567
5.96452	1.22971
5.85076	1.29616
5.51096	1.34176
5.08596	1.54079
5.11056	1.61664
5.14362	1.50506
5.11852	1.61048
5.14297	1.74159
5.29338	1.511
6.14024	1.14914
6.49853	0.81405
6.66295	0.497786
6.75128	0.329537
6.67349	0.33002
6.39924	0.549181
5.71267	1.03516
5.15806	1.26408
4.89974	1.17318
4.79675	0.829541
4.45007	0.572733
4.17447	0.457964
4.12637	0.566608
4.6038	0.386334
4.98366	0.665954
5.35336	1.6247
6.24595	1.87667
6.66377	1.78828
6.75134	1.69597
6.74677	1.64315
6.57292	1.64777
5.98536	1.85796
4.75366	1.94993
3.86331	2.00726
3.54902	1.90563
3.53947	1.46708
3.52238	1.18718
3.40163	1.2375
4.21425	0.503203
4.98186	0.657402
4.76099	1.65284
5.34098	1.54988
5.6469	1.43444
5.76674	1.37925
5.62884	1.41623
4.7996	1.66872
4.15918	1.94699
4.74093	1.71639
5.68253	1.45221
6.25596	1.26753
6.66522	1.07336
6.8636	0.895942
6.88185	0.918359
6.79405	1.00173
6.61793	1.17403
6.27065	1.39915
5.55364	1.48997
5.08506	1.3017
5.0725	0.832691
5.17724	0.205235
5.33847	0.00639719
5.41829	0.13668
5.58021	0.170823
5.25408	0.260992
5.00352	0.391232
4.65394	0.689326
4.51286	0.832692
4.7762	1.5386
5.07277	1.32797
5.06914	1.2873
4.81882	1.25251
4.632	1.34714
4.94466	0.666171
5.1904	-0.0960457
5.04887	-0.175319
4.89887	0.042739
4.77533	0.164763
4.7148	-0.0355101
4.75959	-0.183357
4.83075	-0.354315
4.76787	-0.222233
4.74892	-0.191605
4.42717	0.0748543
4.24457	0.864067
4.77388	0.906781
4.83248	0.806263
4.66799	1.18231
4.32272	1.78145
4.21399	2.04414
4.29694	1.86067
4.24909	1.83067
4.1596	1.94348
4.02353	1.94835
4.06834	1.80105
3.81914	1.8671
3.5962	1.73047
3.45618	1.75597
3.31869	1.30528
3.208	1.04994
4.67366	0.156665
5.8186	0.179834
5.42398	0.419709
5.6591	0.820205
5.92822	0.787216
5.94215	0.864614
5.94203	0.898419
5.93779	0.919818
5.76455	1.13192
5.7164	1.18354
5.48892	1.24258
5.30049	1.29812
5.24268	1.21904
4.9457	1.49442
4.71099	1.65239
4.535	1.50188
4.49936	1.38419
4.13742	1.35893
3.83533	1.10271
3.72493	1.21333
3.60267	1.04826
3.35691	0.858172
3.09318	0.820848
3.11417	0.717233
3.11667	0.6666
3.0157	0.77114
3.02318	0.799966
3.01425	0.830301
2.98207	0.545632
2.96567	0.561523
3.01006	0.75595
2.90363	0.591645
4.86559	0.0417743
5.40067	0.0212322
5.32611	0.0731606
5.58188	0.000242073
5.6002	0.0582001
5.31068	0.2572
4.86017	0.62995
5.20483	1.88634
5.81481	2.33223
6.39543	2.06441
6.80825	1.76016
7.15838	1.44032
7.2936	1.26465
7.25313	1.26197
7.08235	1.37907
6.85636	1.55843
6.62173	1.62141
6.43306	1.59328
6.04434	1.51433
5.83848	1.43823
5.85339	1.42358
5.82416	1.40819
5.75037	1.48498
5.18275	2.00533
5.05986	2.00128
5.12699	1.80967
5.18917	1.80183
5.69545	1.65032
6.68288	1.45822
7.06471	1.40232
7.30918	1.30326
7.56808	1.17998
7.59555	1.14419
7.61577	1.03535
7.47831	0.920212
7.21615	0.808105
6.89774	0.795685
6.27391	0.880373
5.46342	1.7556
5.1425	2.09411
5.24349	1.92464
5.06628	1.93936
5.28286	1.75018
5.53195	0.980128
5.70558	0.496623
5.78587	0.239459
5.98263	0.0792061
5.89388	-0.0290667
5.9276	0.00777861
5.92182	0.132666
5.63798	0.583098
5.0144	1.58066
4.9226	1.70009
4.94977	1.71621
4.9199	1.71252
4.85571	1.69905
4.87717	1.79869
4.87143	1.78742
5.01484	1.68395
5.73085	0.570402
5.75037	-0.192901
5.86645	-0.132309
5.93964	-0.127317
5.95274	-0.127795
6.12467	-0.0656654
6.04091	-0.232527
6.04454	-0.206469
6.07838	-0.165487
6.01945	-0.113216
5.95696	-0.00909253
5.65362	0.329605
5.06999	0.835538
4.22506	1.11148
3.73867	0.869502
3.58183	0.50823
3.64098	0.554721
4.44785	0.309459
4.32052	0.544697
4.72041	0.200784
5.1539	-0.368759
5.47234	-0.365732
5.39773	-0.447177
5.73732	0.128727
5.42912	0.86568
4.32155	0.896268
3.34386	0.767052
3.38745	0.568944
3.26896	0.813283
3.16871	0.767121
3.16567	0.826694
3.66478	1.05759
5.26541	0.915057
4.95144	0.997064
5.7729	1.55984
6.26489	1.58655
6.69546	1.43802
6.86739	1.29008
6.92839	1.16887
7.04192	0.874242
7.09041	0.724551
7.06102	0.696375
7.04097	0.61668
7.04195	0.557203
7.0444	0.454747
7.02654	0.398775
6.98505	0.32696
6.91265	0.243717
6.86866	0.219383
6.83254	0.1599
6.70951	0.267099
6.43096	0.377257
6.10605	0.641527
5.783	0.624809
5.70989	0.935482
5.91069	0.882383
6.14395	0.981721
6.58255	0.860171
6.89774	0.697435
6.97746	0.771677
7.02293	0.797702
7.03654	0.808077
6.95108	0.878004
6.77099	0.914952
6.53516	1.02887
6.29121	1.17656
5.87943	1.15763
5.35985	1.10559
5.12834	1.14883
5.23046	1.21406
5.31489	1.20409
5.45844	0.909716
5.34887	0.617415
5.10693	0.608509
4.83146	0.63717
4.51565	0.650937
3.98845	0.968068
3.71637	1.41693
3.78058	1.47656
4.15988	1.24043
4.61028	0.993663
5.27374	0.613593
5.43644	0.333971
5.47583	0.236838
5.56164	0.203942
5.55603	0.131618
5.55675	0.109752
5.67781	0.139934
5.7462	0.262999
5.59404	0.606187
5.27909	0.963395
4.82732	1.34661
4.41619	1.44238
4.42653	1.24146
4.41288	1.24904
4.47679	1.52282
4.56711	1.81782
4.69856	1.75839
4.73777	1.95462
4.58412	2.03522
4.46672	2.10519
4.4879	2.14641
4.57409	2.11909
4.63239	2.07192
4.84127	1.91549
5.02162	1.85505
5.06056	1.90033
5.2173	1.86065
5.30058	1.82522
5.19234	1.87659
5.0904	1.93547
5.02761	1.97922
4.99224	1.90819
4.75723	2.10118
4.67284	2.09721
4.37634	2.16372
4.07758	2.03919
3.88449	1.92669
3.82368	1.62129
3.81568	1.66992
3.82062	1.79921
3.60628	1.45775
3.39902	1.24278
3.33965	1.0889
3.1579	1.04487
3.08348	0.626467
3.11575	0.789286
3.05726	1.00242
2.93053	0.807544
3.13325	0.554708
2.9463	0.758644
2.70561	0.674902
2.91639	0.812452
3.71407	-0.0475224
4.87906	-0.389274
5.85423	0.866824
6.39363	0.819681
6.54134	0.729592
6.60777	0.720476
6.61122	0.808643
6.69845	0.723166
6.71043	0.717146
6.69448	0.601846
6.47793	0.665596
6.03696	0.907094
5.91548	0.941469
5.68229	1.2731
5.56012	1.33561
5.46419	1.37425
5.36754	1.33902
5.14896	1.35195
4.93904	1.13663
5.14581	0.900365
5.44767	0.771942
5.78114	1.12423
6.28226	1.37919
6.75404	1.48714
7.06047	1.43378
7.24221	1.49428
6.99241	1.74625
6.52765	2.00038
5.74391	2.06644
5.44149	2.02605
5.27508	2.1587
5.07987	2.18393
4.8777	2.16728
4.63492	2.21724
4.22326	2.08349
3.82038	1.57653
4.39944	0.692562
5.52641	0.600304
5.51128	2.07426
5.77177	2.08584
5.62576	1.89137
5.51909	1.78718
6.00725	1.71096
6.00761	1.65876
5.7279	1.78875
5.50201	1.79385
5.45522	1.75256
5.60997	1.77744
5.8091	1.66683
6.08046	1.46985
6.26906	1.29206
6.39096	1.17011
6.49559	0.990605
6.55935	0.756663
6.50631	0.774284
6.38514	0.713491
6.11172	0.722148
6.12304	0.606639
6.14905	0.475896
5.99893	0.689538
5.41422	0.889251
4.32538	1.53685
3.74045	1.55785
3.40422	1.26871
3.49418	0.989846
4.00736	0.274984
5.57491	0.260056
6.21702	0.991947
6.84081	1.14684
7.03419	1.22403
7.06575	1.35
7.06481	1.30526
7.04568	1.16569
6.90509	1.1006
6.30915	1.24562
5.70771	1.23374
5.46139	1.26186
5.23644	1.38973
5.10747	1.40236
5.03617	1.30765
4.9433	1.25697
4.99325	1.23633
5.28907	1.17404
6.18327	1.0776
6.80272	1.01168
7.0196	1.12839
7.20211	1.20423
7.17339	1.28424
7.17903	1.33626
7.02305	1.5474
6.99391	1.48619
6.30159	1.58155
5.03502	1.62365
5.96394	1.93761
6.17757	1.95943
5.32144	2.16104
4.56647	2.20867
4.88413	2.14153
5.04111	2.20012
5.03538	2.17252
5.0461	2.10578
5.3411	2.00357
6.05124	1.87451
6.45001	1.59241
6.66122	1.45694
6.75613	1.3829
6.76091	1.3999
6.59843	1.41934
6.32767	1.48508
5.39993	1.69601
4.14783	1.91295
4.64303	0.833874
4.45446	0.677005
4.07678	0.768824
3.96931	0.780995
4.52701	0.716913
5.54022	1.32531
6.54345	1.14832
6.26505	1.31926
5.46786	1.18281
6.7029	1.45145
6.98563	1.3099
7.22289	1.18302
7.32184	1.13664
7.29997	1.21497
7.24457	1.0741
7.12485	1.02486
7.06766	0.875775
6.86262	0.846804
6.03584	0.964081
4.6745	1.78915
4.42822	1.78349
4.16915	1.82785
4.10831	1.7801
4.00404	1.43102
3.6631	1.27321
4.74293	0.526597
5.02651	0.385797
4.70356	0.491435
5.67171	1.28317
6.21877	1.16616
6.52106	1.14427
6.62679	1.16134
6.63382	1.3402
6.52089	1.57064
6.40808	1.71414
6.12308	1.98519
5.89377	2.0166
5.50532	1.99995
4.53169	2.12009
3.75871	1.64424
3.4806	1.29825
3.30257	1.35514
3.31829	1.35293
3.18097	1.18047
3.2218	1.08195
5.02728	1.22464
5.62657	1.2951
5.18402	1.86152
6.3206	1.84792
6.68409	1.59809
6.84281	1.41981
6.93878	1.21088
6.86597	1.14077
6.51745	1.31053
5.71671	1.37726
4.68905	1.6377
4.39415	1.76133
4.30505	1.57065
4.55308	1.34497
5.06587	1.10825
5.59768	0.766562
5.69159	0.588269
5.60955	0.575827
5.43495	0.582372
4.681	1.00467
4.34573	0.966533
4.95387	0.687257
5.47062	0.468314
5.72891	0.392535
5.84316	0.137671
5.77164	0.198742
5.67826	0.318179
5.54258	0.302967
5.33349	0.579066
5.16361	0.678359
5.07349	0.633744
4.49767	1.15257
4.39366	0.948544
4.51945	0.517511
4.5292	0.281587
4.59474	-0.0994473
4.41871	-0.132515
4.39758	-0.449007
4.52958	-0.436919
4.66326	-0.466377
4.96115	0.664437
5.04788	0.76257
5.30412	0.438922
5.61043	0.212109
5.78626	0.160078
6.02126	0.00872469
6.11309	-0.123359
6.13224	-0.0480431
6.11546	0.0749321
5.86613	0.322999
5.0328	0.734415
3.86933	1.07995
3.60717	0.774636
3.61727	0.853431
3.21598	0.764003
3.3015	0.618887
3.26667	0.764481
3.14566	0.88465
3.09966	0.653584
4.10995	0.247691
3.34847	0.65023
3.30288	0.780172
3.21386	1.0135
3.10602	1.17719
2.99054	0.76039
3.16416	0.757348
3.00143	0.638182
3.14184	0.960494
3.68369	1.38913
3.49763	1.2419
3.19242	0.834123
3.40357	1.10585
4.09949	1.63568
4.43618	1.49503
4.36029	1.61146
4.44778	1.48632
4.52251	1.29921
4.44404	1.62981
4.42798	1.64958
4.43038	1.75874
4.47009	1.73676
4.59036	1.56102
5.18119	1.31397
5.26337	1.52186
5.26009	1.61011
5.36156	1.55766
5.32316	1.63935
5.42456	1.53961
5.6445	1.33914
5.76122	1.36016
5.95094	1.31942
6.10729	1.32209
6.1471	1.26511
5.67674	1.36332
5.12536	1.42735
5.00699	1.30782
4.71059	1.3088
4.5446	1.21013
3.89446	1.48967
5.23718	0.150194
5.46154	0.440771
5.82245	0.52416
5.88005	0.473606
5.88445	0.321812
5.87071	0.280683
6.00264	0.165415
6.07235	0.0395992
6.17708	0.0857789
6.42488	0.225135
6.73342	0.417081
6.84562	0.608416
6.90107	0.895254
6.86927	1.22744
6.79031	1.40828
6.77196	1.5168
6.70282	1.52579
6.55038	1.55689
6.27261	1.62289
5.661	1.85417
4.82496	2.08682
4.42939	2.14868
4.17743	2.07631
4.05959	2.07203
4.02907	1.99664
3.85079	2.06566
3.95648	1.91662
3.80491	1.97877
4.61349	1.48072
5.39528	0.99016
5.62528	0.664045
5.53191	0.500579
5.36954	0.33279
5.43294	0.405157
5.65338	0.767896
4.95812	1.09672
4.84537	1.09816
4.85673	1.04024
5.18907	0.942654
5.91391	0.818207
6.56308	0.733417
6.67181	0.959479
6.76906	1.23433
6.67767	1.4704
6.65315	1.49363
6.42671	1.62205
5.86812	1.84748
5.42275	1.78862
4.8027	1.46601
4.28804	0.82444
4.01676	0.663959
3.81295	0.773627
3.77752	0.900254
3.75677	1.01694
3.80985	0.814259
3.93162	0.52977
4.07068	0.592762
4.60312	0.614335
5.11466	0.796983
5.40128	0.931693
5.82551	1.92225
6.25206	1.77524
6.58188	1.38435
6.61979	1.26789
6.54276	1.23823
6.50842	1.17865
6.43131	1.17936
6.26659	1.28973
6.15862	1.28715
6.03692	1.29766
5.86843	1.43605
5.51726	1.50088
4.72489	1.65263
4.32776	1.65391
4.26302	1.61148
4.16692	1.73519
4.13504	1.60413
3.90928	1.76716
3.82271	1.72399
3.82409	1.76082
3.79681	1.68878
3.63185	1.76303
3.56892	1.78067
3.72573	1.67561
3.56971	1.58954
3.44723	1.61552
3.32538	1.17711
3.25126	1.30795
3.32138	1.09281
3.14457	0.919082
3.20495	0.969671
3.22125	0.786441
3.09172	0.809562
3.04327	0.74299
2.93001	0.73388
3.03023	0.732003
2.91579	0.577202
3.01328	0.560715
3.39146	0.898974
2.98733	0.706666
3.13166	0.846461
3.69768	1.04403
6.21979	1.42476
6.55916	1.4906
6.78015	1.41289
6.86244	1.37694
6.48643	1.76755
5.92736	2.17052
5.65688	1.76743
5.54689	1.20025
5.7073	0.480631
5.26175	0.0496725
4.76105	0.179079
4.23963	0.45584
3.78648	0.823784
3.40637	0.791938
3.42715	0.86289
3.31529	0.784056
3.8267	0.147437
4.92479	-0.0443064
5.22723	0.591159
5.68677	2.02954
6.91209	1.76729
7.44216	1.24071
7.48509	1.11179
7.39524	1.17331
7.32535	1.08861
6.96035	1.21649
5.72047	1.56427
4.45023	2.02902
4.29551	1.80694
4.11273	1.61601
3.81648	1.4216
3.71808	1.37622
4.14906	0.469246
5.84446	-0.0803967
5.84114	1.20725
6.12969	1.39891
5.85697	1.51606
5.59039	1.67422
5.28281	1.84232
5.03874	2.0015
4.99342	2.02809
4.92209	2.0494
4.98654	2.01051
4.83199	2.17883
4.83005	2.17477
4.63188	2.20889
4.46323	2.11192
4.33536	2.03851
4.22861	2.13764
4.55373	2.04383
5.61891	1.88684
6.06662	1.70976
6.18054	1.73102
6.40833	1.64647
6.54333	1.64998
6.51708	1.66375
6.50782	1.57335
6.29548	1.52013
5.6187	1.64298
4.9548	1.70521
4.82356	1.6497
4.88765	1.54775
5.18747	1.35326
5.83236	1.43209
6.30519	1.48048
6.51362	1.25773
6.71668	1.0296
6.81725	0.90876
6.84899	0.900078
6.85122	0.958401
6.90305	0.816994
6.87749	0.830617
6.81131	0.774522
6.73794	0.665592
6.59674	0.608322
6.43842	0.606829
6.18289	0.532844
5.85797	0.658974
5.40581	0.802015
4.86172	1.12831
4.39031	1.51085
4.29856	1.67849
4.36466	1.56732
4.24274	1.68283
4.0884	1.74205
4.21863	1.55858
4.03943	1.98908
4.02976	1.87757
4.00237	1.76722
3.98288	1.73255
3.7908	1.8882
3.64635	1.68728
3.51866	1.54934
3.46405	1.52048
3.53915	1.32693
3.44019	1.44599
3.29615	1.34144
3.21565	1.34865
3.18737	1.01773
3.17213	0.799664
3.10617	1.05957
3.11178	0.806517
3.00199	0.888403
3.1575	0.812235
3.06022	0.831916
3.15586	0.819292
2.56648	0.880643
2.90296	0.751542
2.96632	1.23466
3.56414	1.75157
4.92737	1.59707
4.97199	1.80387
5.00252	1.73712
5.0053	1.82445
5.00931	1.76239
5.03169	1.71018
4.97146	1.73443
5.00467	1.77531
4.94261	1.7401
4.93337	1.7911
4.8914	1.87212
4.80906	2.03944
4.89913	1.90197
5.50701	2.01094
6.19789	1.65526
6.50042	1.52341
5.99577	1.75568
5.8251	1.92357
6.84735	1.60548
7.14143	1.61269
7.16523	1.75347
7.24698	1.62844
7.29259	1.54244
7.39046	1.36411
7.46058	1.15782
7.33028	1.22297
7.03654	1.42726
6.5309	1.69834
5.86103	1.79511
5.33204	2.00124
5.69755	1.99293
6.31044	1.9271
6.55124	1.90373
6.65446	1.87359
6.81603	1.729
6.84845	1.83816
6.97289	1.73376
6.97478	1.67354
6.7836	1.83972
6.32223	2.00635
4.93185	1.90788
5.58097	1.78514
6.26354	2.00002
6.06411	1.87922
4.59945	1.73755
5.70205	1.72593
6.39424	1.80815
6.28666	1.89271
6.11207	1.78253
6.3504	1.77215
6.64917	1.68346
6.9791	1.4382
7.12515	1.27789
7.23686	0.965386
7.24032	0.742651
7.17295	0.542806
7.0132	0.385644
6.81456	0.200536
6.66747	0.0370422
6.5061	-0.0253315
6.28892	-0.148914
6.14556	-0.196592
6.0679	-0.169556
5.98978	-0.0710348
5.93379	-0.0467304
5.91296	-0.0556525
5.83402	0.0309076
5.85432	0.14387
5.76452	0.268212
5.68195	0.587954
5.49757	1.20215
5.09645	1.80534
4.93463	1.92172
4.93925	1.87033
4.88237	1.8617
4.93762	1.67221
4.85144	1.77974
4.9393	1.76214
4.99051	1.75839
5.08547	1.58324
5.08184	1.56581
4.96778	1.6323
5.0235	1.56121
4.98328	1.64486
5.62647	1.15821
6.00089	1.07985
6.26877	1.0028
6.45396	0.896879
6.51376	0.812625
6.47055	0.750647
6.22982	0.857664
5.78658	1.04898
5.04131	1.35632
4.90143	0.601842
4.9535	-0.0103908
4.5152	-0.433307
4.26346	-0.294549
4.20802	-0.288937
4.28448	-0.583212
4.52327	-0.733988
5.00951	-0.617203
5.22679	-0.435065
5.23059	-0.440875
4.86328	-0.0218876
4.72147	1.04273
5.07219	1.71865
5.21388	1.68686
5.23041	1.58307
5.03212	1.61615
4.65332	1.61178
4.39164	1.05775
4.32266	0.696925
4.75559	0.206487
4.66597	-0.076249
4.81977	-0.133243
4.97723	0.0972113
4.93593	0.569234
4.85029	1.12306
4.80892	1.19987
4.68192	1.17737
4.74323	0.94306
4.68644	0.693348
4.80947	0.0294998
4.41596	-0.0885409
4.30517	-0.143844
4.41928	-0.285212
4.28409	-0.207511
4.46297	-0.196883
4.42983	-0.499872
4.57494	-0.442912
4.68794	-0.457863
4.51773	-0.569702
4.31961	-0.108439
4.16094	0.29246
4.22854	0.960697
4.89175	0.793401
5.24483	0.35421
5.43099	0.306579
5.63867	0.279488
5.67688	0.311018
5.7334	0.399642
5.71951	0.545211
5.84859	0.579443
5.82264	0.683986
5.77755	0.736523
5.67378	0.78254
5.55108	0.916928
5.3664	0.958664
5.0019	1.27197
4.27564	1.49958
4.02545	1.78695
4.06315	1.69297
4.08377	1.70271
4.05992	1.6255
3.85182	1.80994
3.82702	1.87336
3.76193	1.71701
3.65201	1.78774
3.54724	1.59314
3.56212	1.5532
3.49268	1.38399
2.93049	0.648671
3.00714	0.607435
2.80388	0.800576
2.92278	0.656951
2.84496	0.689235
2.83314	0.68196
2.92499	0.617816
2.91488	0.849068
2.99332	0.785943
2.93319	0.868822
3.23354	1.09575
4.56886	0.473316
5.29689	0.132521
6.11954	-0.112466
6.82908	-0.119574
7.25148	0.0963303
7.38931	0.319268
7.41758	0.517248
7.30509	0.680958
6.9754	0.85757
6.02089	1.07088
4.43171	1.39627
4.04549	1.15022
3.91211	0.963406
3.80258	0.956342
4.65264	0.420414
5.56039	0.450623
5.45658	0.432802
6.08958	0.216306
5.46425	0.414255
5.29108	0.411766
6.24289	-0.0424049
6.70804	-0.246704
6.89212	-0.347252
6.91852	-0.182611
6.75917	0.112377
6.37866	0.566553
6.32641	0.942025
6.7329	1.05822
7.02854	1.07436
7.26675	1.20696
7.43549	1.17655
7.32219	1.25764
7.18494	1.34537
7.04406	1.28002
6.6731	1.47375
5.89467	1.57319
4.45583	1.77968
4.21889	1.89544
4.16538	1.66942
4.33616	1.67758
4.49317	1.83786
4.90414	1.91131
4.92863	1.8923
4.91192	1.88592
5.01558	1.78901
4.96846	1.87146
5.08504	1.49371
5.32025	1.66998
5.5823	1.53442
5.76108	1.59821
5.863	1.78642
6.33382	1.45804
6.44468	1.39843
6.15781	1.60737
6.01853	1.5339
6.17016	1.45465
6.41555	1.42446
6.7473	1.43573
6.86458	1.32536
6.95808	1.2842
6.725	1.4366
5.95028	1.68125
5.33211	1.89564
4.94133	2.01965
4.61208	2.0165
4.28253	2.0559
3.94456	1.95347
3.67871	1.68993
3.61402	1.49688
3.96862	0.880292
5.09167	0.55004
5.08972	1.90276
5.54281	1.83743
5.98729	1.66452
6.30447	1.48928
6.3249	1.39678
6.23736	1.3252
6.20633	1.36135
6.32983	1.3384
6.52326	1.24102
6.66503	1.21399
6.68957	1.26463
6.48658	1.36674
6.05973	1.4393
5.25551	1.53275
4.65335	1.55528
4.52863	1.67067
4.92332	1.67822
5.65864	1.50226
6.21593	1.45163
6.54527	1.32945
6.71917	1.18719
6.71564	1.14988
6.45565	1.37289
5.87173	1.56234
5.0899	1.24182
5.05039	0.904586
5.2476	0.289932
5.35907	-0.0921842
5.00723	-0.127202
4.83286	-0.117068
4.71315	-0.158111
4.82059	-0.379729
4.88557	-0.338225
4.9662	-0.299132
4.9677	-0.434603
4.66121	-0.04816
4.57072	0.758042
5.25019	0.812672
5.40093	0.809964
5.2667	1.07513
4.59189	1.27427
4.02949	0.698588
4.01231	0.249118
4.13097	0.0673121
4.36768	-0.0577698
4.44278	-0.0312851
4.68002	-0.0428079
4.69871	0.0495753
4.32272	0.322152
4.19398	1.23104
5.03343	1.75307
5.35652	1.47937
5.99078	1.7117
6.20151	1.48743
6.07741	1.6744
5.98071	1.81218
5.99344	1.79991
5.92983	1.76922
5.82465	1.62269
5.64038	1.64236
5.23182	1.79331
4.71124	1.65974
5.07697	0.796384
5.52744	0.154557
4.39554	0.341874
4.23531	0.212614
4.52428	0.153664
5.05133	-0.0370227
4.43742	0.195755
3.578	0.706744
3.47329	1.39996
4.07905	1.96609
4.43889	2.05992
4.65365	1.86643
4.64931	1.90081
5.3063	1.73945
5.56567	1.71313
5.76503	1.6132
5.78863	1.53638
5.75534	1.55325
5.73869	1.52787
5.72884	1.40956
5.47908	1.43902
4.9188	1.51228
4.35825	1.48513
4.34198	1.53422
4.44182	1.44578
4.52139	1.38172
5.16324	1.1178
5.12779	1.25084
5.03681	1.36816
4.96912	1.358
4.9894	1.36737
4.7139	1.50989
4.66714	1.63741
4.57356	1.77043
4.61542	1.58315
4.74015	1.50173
4.93632	1.52293
5.07755	1.45532
5.12366	1.57113
4.94669	1.64103
4.90096	1.36789
4.84821	1.26772
4.57897	1.03484
4.73447	0.136272
4.63574	-0.176574
4.54644	-0.295559
4.28053	-0.622896
4.25469	-0.503718
4.31089	-0.510482
4.18351	-0.443753
4.10299	-0.448879
4.27742	-0.600342
4.24901	-0.652873
4.20043	-0.560782
4.12965	-0.521632
4.09022	-0.513558
4.0227	-0.519375
4.20283	-0.566267
4.38569	-0.481529
4.28913	-0.715853
4.41448	-0.837886
4.34489	-0.641089
4.08561	-0.365678
3.69191	-0.251598
3.26963	0.182628
3.11399	0.687358
2.99529	0.51327
2.76635	0.639223
3.06174	0.664929
2.91094	0.887452
2.91178	0.59371
2.93057	0.704222
3.01115	0.576505
2.93138	0.656907
2.9517	0.706037
2.90647	0.78324
3.46352	1.09265
3.99451	1.66527
5.12422	1.88491
5.3949	1.7923
5.66984	1.77655
5.84909	1.7742
6.04208	1.68858
6.1894	1.67611
6.15554	1.78985
5.98317	1.88674
5.64943	2.06518
5.48727	1.94574
5.48819	1.92654
5.33208	2.1639
5.01636	2.19927
4.8358	2.00497
4.50887	1.98845
4.085	1.79174
3.89327	1.41978
3.84228	1.28173
3.7489	1.21827
3.67172	1.05285
4.55464	0.252354
6.00704	0.0194547
5.65889	0.600722
6.46442	0.421149
6.73134	0.0500825
6.64713	0.0517888
6.70202	0.12451
6.61496	0.129492
6.515	0.292144
6.18109	0.551904
5.07128	1.20658
4.1522	1.26315
4.13394	0.900041
4.0106	0.755992
4.03082	1.0139
3.96641	1.11079
4.91934	0.180432
6.10343	0.257323
5.89677	1.08049
6.1048	1.32044
6.34171	1.36341
6.30363	1.49461
6.39101	1.46503
6.50725	1.48598
6.45746	1.76961
6.27104	2.12855
6.1746	2.15613
5.97188	2.18175
5.70185	2.20274
5.70038	1.8341
5.274	1.76116
4.39573	1.84754
4.12447	1.73619
3.90017	1.25089
3.83798	1.49527
3.82021	1.30591
3.75335	1.3186
4.57804	0.857514
5.92866	0.675161
5.82033	0.835012
6.18375	1.14544
6.62574	1.07655
6.88044	0.888164
7.02748	0.937596
6.83092	1.21251
6.56503	1.32473
5.98923	1.46196
5.76452	1.19192
6.2128	0.356872
5.99224	-0.0137706
5.70582	-0.19467
5.63953	-0.358922
5.80641	-0.530404
5.594	0.0581455
4.45117	0.955983
3.78148	0.974863
3.80025	0.772202
3.66508	0.667848
3.61091	1.02328
4.00637	1.37451
5.01591	1.82872
4.9433	1.60159
4.81882	1.41783
5.33221	2.13123
5.69117	1.9537
5.81954	1.85546
6.01829	1.57182
6.21592	1.45002
6.11274	1.56534
5.32609	1.84255
4.83078	1.61108
6.17282	0.557051
6.23815	0.624551
6.08687	0.341944
5.99146	0.165971
5.99952	0.18866
5.93721	0.101789
5.98244	0.214067
6.14034	0.302895
6.30578	0.370102
6.41772	0.546602
6.37487	0.802086
6.3252	1.13149
6.25166	1.40291
6.10305	1.57552
5.98889	1.74885
5.91211	1.86993
5.86551	1.81842
5.64776	1.93013
5.53717	2.06771
5.41851	2.04232
5.38233	2.14648
5.32542	2.08821
5.12703	2.11682
4.91824	1.95583
4.72797	1.78666
4.51465	1.55366
4.97997	0.710844
5.332	0.0377122
4.92662	-0.244313
4.34915	-0.118587
4.16117	0.227615
4.06942	-0.0132773
4.13179	-0.196056
4.08414	-0.0714339
4.20376	0.0745111
4.34167	0.0646599
4.46008	-0.161541
4.5172	-0.0463451
4.55068	-0.394923
4.62243	-0.331653
4.57945	-0.424887
4.79739	-0.416151
4.68663	-0.109044
4.03386	0.378059
3.96295	0.382583
3.76372	0.768422
3.64513	0.800771
3.48932	0.914199
3.56685	0.678452
3.56966	0.772012
3.40292	0.742082
3.50301	0.728395
3.41653	0.924394
3.49257	0.71524
3.65138	0.70197
3.55614	0.688555
3.51676	0.994383
3.78539	0.778397
3.24132	0.908342
3.12136	0.761479
2.95879	0.451632
3.17639	0.726668
3.28855	1.16317
3.89953	1.81047
4.39782	2.07729
4.72635	1.94486
5.11767	1.78133
5.72095	1.52054
5.99345	1.40788
5.83618	1.46813
5.3293	1.52765
5.19357	1.44324
5.28576	1.42605
5.15951	1.64603
5.51077	1.77271
6.57036	1.56628
7.06932	1.52743
7.13037	1.66967
7.03871	1.84303
6.94538	1.95628
6.72136	2.08467
6.00168	2.11703
4.49832	2.04718
4.16394	1.92054
3.98866	1.70039
3.75226	1.40885
3.97139	1.08035
5.30353	0.615628
5.95632	1.76151
6.12631	2.41225
5.28673	2.23564
6.00746	1.53832
6.82848	1.86757
6.90915	1.81919
6.84264	1.7651
6.33255	2.06504
6.33112	1.71093
5.84227	1.43958
5.59826	1.1521
5.78115	0.716432
5.74151	0.206009
5.66152	0.00617582
5.2214	-0.108259
5.06958	0.132717
4.99038	0.14019
5.09964	0.0438204
5.27907	-0.0346595
5.49358	-0.30076
5.3334	-0.400999
5.05402	-0.12843
4.81095	0.22747
5.37957	0.817148
6.10831	0.511334
6.30846	0.481402
6.40792	0.613734
6.44694	0.746629
6.31602	0.989458
6.09803	1.14934
5.65055	1.30252
5.21926	1.47068
4.85676	1.41712
4.90185	1.07879
4.93953	1.16519
5.26996	1.71848
5.86477	1.84987
6.38239	1.81121
6.48654	1.85692
6.47031	1.94077
6.43053	1.94525
6.20267	1.98039
5.72405	2.14941
5.33885	1.97895
5.05163	1.28161
4.94037	0.68461
4.9904	0.0853766
5.03417	-0.0386768
5.15646	0.0210112
5.17863	-0.137677
5.10961	-0.0806711
5.01845	0.0111454
4.86748	-0.200299
5.16155	0.150448
4.83569	0.0637628
4.54124	0.916493
5.19645	2.29576
5.82292	2.06957
5.99127	1.91055
6.03484	1.72275
6.10767	1.59339
6.1608	1.605
6.32162	1.5355
6.45335	1.52677
6.4752	1.51169
6.48461	1.57688
6.5487	1.55994
6.4294	1.79232
6.26786	1.86333
5.51218	1.92664
4.96348	1.78919
4.98248	1.76117
5.05806	1.71736
5.08766	1.68023
5.01663	1.80488
4.82945	1.74194
4.41745	1.67823
3.79625	1.42516
3.54819	1.14768
4.5968	1.19056
4.27035	1.29552
4.48873	1.03645
4.7943	1.19231
4.05692	1.39489
6.10847	1.26305
6.37577	1.10343
6.00288	1.21367
6.91703	1.29888
6.64969	1.41795
6.59063	1.53492
6.52527	1.62671
6.59615	1.31883
6.33642	1.34752
6.0931	1.39506
6.07577	1.40185
6.03188	1.47493
6.6417	1.52628
6.87453	1.44208
7.0133	1.26755
7.11143	1.18848
7.13627	1.10329
7.16882	0.937552
7.13457	0.753908
7.02554	0.566193
6.93773	0.548962
6.9028	0.459537
6.77355	0.418056
6.66319	0.43095
6.5351	0.600591
5.83384	0.774692
5.7181	0.403617
6.7887	0.61015
6.94439	0.921543
6.97872	1.10748
6.99756	1.27695
7.05695	1.28468
7.03244	1.28647
6.97132	1.12057
6.79948	1.08872
6.49733	1.06805
6.00882	1.04079
5.53747	1.04595
5.34434	1.05018
5.27419	1.05983
5.23167	1.09242
5.3502	0.795394
5.31097	0.763511
5.41385	0.659567
5.48957	0.497949
5.50477	0.307082
5.708	0.24978
5.81932	0.1326
5.79566	0.161215
5.86787	0.314299
5.67866	0.689215
5.60676	1.07878
5.25694	1.62471
5.08867	1.82468
4.95576	1.84173
4.85874	1.99626
4.76732	2.16967
4.83178	2.04538
4.68109	2.14174
4.93827	2.05861
5.14476	1.94151
5.03831	1.96138
4.28732	1.93635
4.65073	1.85772
5.67334	1.66631
5.79878	1.64565
5.50598	1.89352
5.44071	1.82484
5.32683	1.86399
5.11682	1.98468
4.98942	2.04579
4.76682	2.05143
4.61884	2.08263
4.58987	2.02749
4.45638	1.9149
4.06144	1.74961
3.98598	1.56095
3.82135	1.72566
3.72043	1.42825
3.58251	1.28625
3.59945	1.22001
3.44853	0.990195
3.55518	0.651176
3.3347	1.03073
3.31524	0.823007
3.16163	0.705738
3.10184	0.961644
3.15106	0.729497
3.15271	0.932484
3.12799	0.893449
2.90396	0.838762
2.98765	0.815662
2.97239	0.785237
3.00465	0.836126
3.05231	0.912638
3.02222	0.720862
2.99949	0.817327
2.9555	0.824523
3.08478	0.553898
2.97875	0.754452
2.9972	0.868728
3.02606	0.680212
5.36865	0.493011
5.18291	0.683165
5.07909	1.57051
5.60002	1.67046
5.67722	1.66254
5.65833	1.69773
5.70264	1.85496
5.56723	2.00057
5.08961	1.89787
4.73241	1.62447
5.13671	1.45997
5.33032	1.75594
5.16856	1.44801
4.96882	0.702439
3.73291	0.799642
3.23995	1.07947
3.21555	1.19746
3.26331	0.918845
3.11332	0.891481
3.19567	1.12397
3.47477	0.849731
5.90183	0.23244
5.70649	0.915203
5.90944	1.4183
5.95958	1.4192
5.90746	1.58272
5.78446	1.56878
5.60773	1.67477
5.29971	1.71138
5.08588	1.6259
4.60629	1.71446
4.46416	1.8908
4.93367	1.76649
5.68578	1.54007
6.41963	1.51122
6.79422	1.40965
7.06923	1.29496
7.31098	1.16398
7.34921	1.181
7.24392	1.26423
6.88368	1.5968
6.22849	1.9572
5.5503	1.99276
5.29261	1.58046
5.47679	0.96259
5.37493	0.832303
5.23983	0.918151
5.05516	1.40812
4.89469	1.62277
4.67598	1.9236
4.49364	2.20966
4.59988	2.22672
4.72507	2.17833
4.92547	2.15457
5.03674	2.07222
5.20598	2.14598
6.07751	1.84375
6.44925	1.72989
6.75861	1.62641
6.93716	1.47042
7.0188	1.34489
7.11993	1.0607
7.17332	0.786111
7.03493	0.589894
6.35052	0.60204
4.77429	1.28776
5.86698	0.516919
6.30546	0.397388
6.23674	0.177004
5.9828	-0.018397
5.90679	0.0856098
5.77886	-0.0312091
5.68639	-0.0161024
5.62606	-0.0751364
5.79761	-0.0935275
5.82068	-0.0836186
5.90761	-0.0681599
5.9307	0.00394437
5.66837	0.525414
4.89073	1.743
4.82708	1.81934
4.90839	1.68811
4.97628	1.64427
4.99943	1.63134
5.11517	1.50128
6.0844	1.39419
6.64975	1.16927
6.82632	1.11635
6.88505	1.08437
6.80247	1.19583
6.71239	1.30772
6.61668	1.32709
6.56589	1.3574
6.39915	1.42995
6.28607	1.42204
6.25044	1.35161
6.03274	1.32794
5.76498	1.43444
5.68229	1.34985
5.467	1.45326
5.4259	1.48595
4.61784	1.20628
4.41544	1.19849
4.58924	0.973779
4.80393	0.411493
4.65805	-0.0750968
4.51447	0.0109057
4.44361	-0.121976
4.4942	0.0216194
4.78357	-0.16589
4.87977	0.0359624
4.89215	-0.218592
5.00112	0.185633
4.97232	0.0303122
4.95418	0.156539
4.4876	0.11009
3.82363	0.759439
3.64759	1.36742
3.48271	1.402
3.05967	0.860831
3.1013	0.809259
3.08016	0.700011
3.25949	0.789747
3.14046	0.815347
3.76941	0.984286
3.33792	0.98734
3.20515	1.06681
3.23112	1.25906
4.17915	1.65277
4.47857	1.92516
4.67442	1.86655
4.72788	1.94839
4.90614	1.89713
5.05463	1.81331
5.0867	1.93491
5.7834	1.72044
6.57784	1.51849
6.89462	1.29031
7.06377	1.20622
7.10718	1.21292
7.16851	1.16687
7.1308	1.20805
6.99591	1.36287
6.88339	1.33265
6.65852	1.34459
6.23411	1.41045
5.63682	1.55335
5.51304	1.55385
5.35986	1.64254
5.26536	1.68646
5.2308	1.71378
5.15491	1.72857
5.00467	1.77745
4.93454	1.80507
4.83488	1.97438
5.87841	1.5268
6.25122	1.53657
6.13802	1.83107
6.22965	1.77307
6.64491	1.502
6.92815	1.4885
6.90239	1.71593
6.81942	1.79348
6.64173	1.78856
6.34557	1.7929
5.75841	1.97195
5.15291	2.12748
4.98873	1.68869
4.84445	1.40058
4.64791	1.48915
4.66258	1.49572
4.90762	1.35487
5.19379	1.04191
5.56783	0.807457
5.61905	0.77497
5.51187	0.680161
5.22619	0.933024
4.52052	1.22832
3.84588	1.44177
3.52171	1.13756
3.361	1.12762
3.36794	1.12875
3.58994	0.927404
3.64579	0.944149
3.81279	1.39611
3.7823	1.8047
3.85275	1.65279
4.62442	2.08305
5.13854	1.86
5.20143	1.692
5.33811	1.89477
5.41953	1.8025
5.80235	1.6029
5.75507	1.83594
5.08311	1.97159
5.39861	1.80418
6.11687	1.80438
6.38912	1.58791
6.45165	1.65556
6.37239	1.75889
6.42298	1.62864
6.44107	1.53476
6.40878	1.5792
6.38637	1.63867
6.36748	1.61991
6.33981	1.7046
6.36045	1.61814
6.28066	1.56178
6.23463	1.47457
6.13807	1.24001
5.87708	1.12469
5.32509	1.18713
4.79302	1.30155
4.94729	1.28523
4.78369	1.40778
4.57433	1.40667
4.54396	1.38007
4.25084	1.44002
4.04835	1.56351
3.91761	1.76464
3.81232	1.69728
3.83526	1.62353
3.87908	1.57925
3.79718	1.53126
3.6481	1.42376
3.53872	1.39274
3.56007	1.15657
3.54438	1.32747
3.45659	1.31459
3.44577	1.13049
3.20646	1.09433
3.32575	1.06244
3.61061	0.599357
3.36639	0.764123
3.32267	0.733967
3.35488	0.597912
3.30499	0.412733
3.31377	0.499575
3.35587	0.496735
3.24003	0.434062
3.2121	0.740434
3.09418	0.668153
3.07485	0.717051
2.99254	0.656595
3.04519	0.633036
3.14891	0.679306
3.06207	0.647553
2.88188	0.636655
2.56464	0.802967
3.09431	0.844354
2.99383	0.662335
2.96435	0.650668
3.03532	0.776233
3.05457	0.570288
3.13664	0.483512
3.19294	0.847188
3.25857	1.21487
4.0825	1.98808
4.86337	1.96286
5.71505	1.64662
6.43946	1.60714
6.59251	1.69457
6.7088	1.68424
6.70652	1.75579
6.68355	1.78639
6.10462	1.97107
4.25693	2.02107
3.68739	1.58564
3.54569	1.37805
3.37202	1.27563
3.37843	1.19101
3.41655	1.315
3.99068	0.880162
5.98338	1.51134
6.99631	1.48359
7.3796	1.30904
7.52513	1.21492
7.48847	1.30172
7.48629	1.32199
7.3279	1.48319
7.23267	1.6211
6.67653	1.94777
5.54183	1.31688
5.96247	1.42096
6.14784	1.93277
5.45687	2.00695
4.14562	1.87317
3.90984	1.54736
3.81932	1.66218
3.63213	1.44212
3.63699	1.28203
3.58165	1.13391
5.64718	1.29982
5.72249	1.43169
6.12197	2.14413
6.56506	1.95717
6.70293	1.867
6.75724	1.80464
6.39093	1.94739
5.47224	2.22073
5.21854	2.21795
5.21952	2.26288
5.29226	2.04965
5.1717	2.23748
5.39563	1.97143
6.27189	1.81749
6.67736	1.51985
6.90404	1.41211
7.08006	1.2782
7.12304	1.22729
7.07273	1.242
6.86119	1.30824
6.58512	1.3929
6.0399	1.63828
5.27864	1.82673
4.98633	1.72806
4.76445	1.92363
4.40923	2.06477
4.19379	2.15193
3.77306	1.5742
3.53274	1.32844
3.54449	1.29288
5.50622	1.1117
6.13068	1.44913
6.75993	1.76416
6.77629	1.76529
6.90926	1.6544
6.83542	1.70696
6.58685	1.80344
6.202	1.9278
5.27855	2.11638
4.56089	2.14556
4.75551	2.13067
5.38027	2.10039
5.98733	2.10465
6.26079	2.00021
6.47695	1.81472
6.46687	1.91108
6.48742	1.75192
6.37695	1.61069
6.22746	1.69002
6.12411	1.77363
5.83924	1.91501
5.11566	2.1119
4.43384	1.8922
4.28448	1.62242
3.80841	1.62798
3.8576	1.57492
4.57079	1.38861
5.42426	0.940507
5.80288	0.471588
5.76166	0.191142
5.62134	0.0479058
5.61405	0.0840242
5.63699	0.0505221
5.78411	0.00816424
5.89422	0.0497042
6.01069	0.106911
6.11567	0.274296
6.29743	0.503019
6.47721	0.665657
6.59779	0.853134
6.58551	1.06678
6.55542	1.32498
6.51521	1.43604
6.48899	1.45648
6.41546	1.53326
6.39949	1.4647
6.25914	1.4731
6.1547	1.50796
5.86017	1.49285
5.12276	1.5018
4.09151	1.70215
4.07382	1.34815
4.27106	1.08952
3.71446	1.53151
3.55849	1.38721
3.37626	1.10066
3.3896	1.04901
3.30526	0.892521
3.33276	0.80066
4.79824	0.497681
4.47223	0.279983
4.70931	-0.0372246
4.60777	0.215679
4.44591	0.787655
4.89425	1.10832
5.08998	1.37534
5.19038	1.47024
5.3499	1.36732
5.19995	1.53497
5.01677	1.68229
4.92443	1.83793
4.75773	1.91862
4.7176	1.7911
4.45267	1.97726
4.39128	1.7493
4.27108	1.60337
4.05944	1.61574
4.0701	1.58701
3.91028	1.3902
3.70463	1.42285
3.51714	1.26237
3.44882	1.03116
3.26013	0.826854
3.00217	0.823168
3.05911	0.821011
3.10104	0.510981
3.05237	0.624117
3.05536	0.636731
3.0961	0.59025
3.13792	0.796758
2.98908	0.53623
2.37297	1.10827
3.01611	0.780138
3.01912	0.652145
2.94217	0.538875
2.965	0.720619
2.92247	0.765563
3.00502	0.780579
2.98977	0.743731
2.91045	0.654689
3.05879	0.796019
2.92981	0.865091
3.13237	1.04557
3.80724	1.76232
4.80679	1.97198
4.7116	2.13771
4.75046	2.05999
4.66982	2.11472
4.62625	1.83346
4.71539	1.80118
4.69556	1.86058
4.59616	1.94488
4.51223	2.02641
4.08887	2.21318
3.70695	1.91688
3.2931	1.45557
3.11244	1.1495
3.28063	1.08441
3.17042	1.16432
3.10489	1.02413
3.15539	0.976575
5.57184	1.47805
6.91955	1.77694
6.87306	1.88449
6.69819	1.93797
6.5012	1.85981
5.97965	1.97659
5.32542	1.95468
5.3659	1.20117
5.35532	0.616088
5.44292	0.237052
5.35214	0.250327
5.27839	0.236283
5.03598	-0.103515
4.80679	0.0355836
4.88194	-0.05857
5.14553	-0.00605564
5.04883	0.0206528
4.9317	0.373869
5.2009	1.48108
6.22391	1.52406
6.622	1.20071
6.94825	0.843628
7.09754	0.684646
7.14421	0.55053
7.1083	0.450506
6.92236	0.436708
6.6458	0.539242
6.29025	0.771428
5.54849	1.08743
4.46797	1.36987
3.93036	1.28615
3.65058	1.11325
3.70923	0.973591
3.84864	0.624496
3.72878	0.733839
4.2582	0.348378
4.6861	0.0986678
5.18768	-0.00699165
5.18509	-0.199
5.05609	-0.37217
4.96719	-0.231457
4.52075	-0.0980246
3.43639	0.62595
3.24297	0.824779
3.10234	0.778792
3.00964	0.719078
3.20857	0.712482
3.17813	0.892446
4.5706	0.375445
5.15331	0.616812
5.27601	1.79476
5.56776	1.74304
5.74435	1.46672
6.57772	1.38762
6.8067	1.36783
6.80277	1.25529
6.81572	1.23959
6.68983	1.33192
6.56675	1.45984
6.33872	1.46561
5.78736	1.69938
5.6163	1.84811
5.83249	1.80422
6.1075	1.81405
6.43607	1.73752
6.5779	1.69172
6.65078	1.6807
6.5748	1.79367
6.57852	1.80294
6.44924	1.89427
5.74661	1.7022
5.74774	0.790534
6.39053	1.67468
6.08362	1.62763
4.80534	1.27326
6.148	1.74869
6.4492	1.85258
6.44252	1.73783
6.34294	1.85821
6.31611	1.78607
5.96381	2.03063
5.4702	2.19224
5.35225	1.74492
5.10679	1.5352
5.01555	0.941997
5.223	0.5088
5.28993	0.270099
5.14147	0.105896
4.52948	0.0660469
3.71167	0.567185
3.46344	0.941748
3.16135	1.19015
3.20837	0.892329
3.23888	0.751706
4.21505	0.23426
5.49961	0.507288
5.22509	1.38429
5.78485	2.1269
6.11658	1.87322
6.17383	1.87509
6.14507	1.74102
5.93385	1.85596
5.665	2.00108
5.49174	1.86335
5.22496	1.70436
5.1337	1.77296
5.02414	1.75813
5.1009	1.92359
5.21271	1.97384
5.34361	1.98956
4.76529	2.2866
3.7465	1.98092
3.8747	1.7369
5.45759	1.91383
6.11148	1.7907
6.14562	1.73743
6.11592	1.61972
6.126	1.55752
6.11196	1.51366
6.10347	1.43093
6.09644	1.33321
6.05023	1.3713
5.92501	1.48772
5.85629	1.49301
5.61904	1.62649
5.39857	1.59037
4.80585	1.69055
4.2357	1.78253
4.17038	1.69039
4.11836	1.63453
4.01734	1.69152
3.99162	1.72796
3.85035	1.77592
3.75243	1.84237
3.73465	1.71298
3.6848	1.79023
3.67561	1.7477
3.498	1.54507
3.36725	1.50097
3.28412	1.35503
3.50036	0.979478
4.76195	0.554887
3.69226	0.517694
3.65568	0.247331
3.98196	-0.019482
4.25997	-0.144966
4.38473	-0.376038
4.49744	-0.248354
4.53879	-0.332702
4.57809	-0.441805
4.37749	-0.106919
4.48006	-0.266224
4.64147	-0.197767
4.26499	-0.304634
4.19897	-0.0772727
4.02486	0.0143726
3.79532	0.267949
3.56748	0.6239
3.36632	0.757838
3.23435	0.838597
3.01879	0.913337
3.03	0.860746
2.9962	0.611498
2.96788	0.81156
2.81476	0.768341
2.76547	0.689317
2.82457	0.833507
2.84034	0.668716
3.06527	0.581231
2.93813	0.740329
2.86228	0.813325
3.08095	0.576907
3.06173	0.756079
3.01951	0.824462
2.96253	0.835188
3.01054	0.924148
2.95532	0.771419
3.02841	0.741916
3.01567	0.86037
3.11178	0.773976
3.31585	0.878024
3.23478	1.01744
3.29478	1.17728
5.42364	0.524692
6.16531	1.03142
6.17981	1.64554
5.63596	1.51056
6.62374	0.84787
6.86846	1.70553
6.80627	1.67338
6.15929	1.74896
6.49777	1.55214
7.27527	1.32502
7.57726	1.14435
7.64885	1.1595
7.59924	1.11257
7.5044	1.16051
7.38294	1.19421
7.25304	1.25602
6.9867	1.43091
6.49057	1.6525
5.4832	2.04294
4.97277	2.02279
4.90007	1.98557
4.68946	1.97178
4.42906	1.8519
4.28428	1.60524
4.39978	1.00315
4.76553	0.489569
5.01356	0.38606
5.28212	0.30179
5.33103	-0.0828156
5.28259	-0.109468
4.83415	-0.0639782
4.28707	0.193608
3.80396	0.445831
3.51193	0.724523
3.32482	0.718394
3.11592	0.8913
3.28632	0.745119
4.32496	0.470795
5.37943	0.994397
6.22334	1.79595
6.57617	1.55386
6.75112	1.42097
6.93448	1.32295
6.92997	1.44549
6.85906	1.49042
6.75739	1.44657
6.57239	1.44179
6.3115	1.56941
5.72972	1.71659
4.2949	1.85959
3.8907	1.52718
3.6239	1.24626
4.6049	0.0838195
5.69887	-0.0165133
4.63341	1.07327
5.25205	1.57984
5.6118	1.44438
5.60184	1.46086
5.55199	1.39189
5.18901	1.45433
4.5631	1.64049
3.93143	1.95899
3.67082	1.54171
4.06969	0.679317
5.51945	0.0899641
4.80118	0.515171
4.57967	0.697534
5.08197	1.70917
6.03934	1.39814
5.87555	1.47553
4.63653	1.11401
4.50457	0.0956772
5.87433	0.982099
6.15313	1.75796
6.23942	1.74364
6.40032	1.69372
6.37396	1.61544
6.24883	1.60723
5.88273	1.4677
5.23266	1.42357
4.68807	1.73384
4.74472	1.67475
5.24156	1.59024
5.63392	1.48748
5.73921	1.47006
5.63405	1.52968
5.56147	1.54441
5.52701	1.60972
5.51682	1.64261
5.47759	1.67881
5.53672	1.68899
5.67392	1.64051
5.8624	1.60926
5.9979	1.6188
6.26849	1.47229
6.48531	1.37052
6.67022	1.19735
6.81985	1.03614
6.92105	0.919215
7.04232	0.80914
7.16415	0.696448
7.21559	0.650789
7.2522	0.590522
7.26348	0.553304
7.22545	0.59273
7.06834	0.637208
6.90914	0.662601
6.77762	0.816248
6.4442	0.943436
5.57849	1.33005
5.21433	1.14268
5.27033	0.398661
5.64489	-0.0222237
5.5243	-0.472967
5.42039	-0.290998
5.41066	-0.441698
5.43738	-0.27067
5.00882	-0.0577079
3.67138	0.692343
3.42414	0.9461
3.40603	0.828596
3.39905	0.788314
3.23847	0.667132
3.30435	0.869777
3.2831	0.787296
4.15184	0.64109
5.89333	2.0574
6.90228	1.8175
7.02393	1.6719
7.05243	1.71589
7.01038	1.72888
6.71079	1.75365
5.25704	1.93479
5.6408	1.97556
6.37567	1.98825
6.18159	2.04801
5.99866	2.22329
6.32228	2.24609
6.60577	2.04665
6.57207	2.08156
6.54148	1.95808
6.35016	1.9365
6.04296	1.95887
5.54337	2.10802
4.98984	2.18523
4.58671	2.16147
4.51362	2.27551
5.12489	1.93746
5.7439	1.6093
5.95768	1.84431
6.04316	1.95354
6.03997	1.98599
5.8856	2.11867
5.8322	1.96494
5.63302	1.98659
5.2664	2.06789
4.96064	1.94525
4.81699	2.12649
4.9568	1.99657
4.95591	1.99149
5.51913	1.88454
5.74759	1.93578
5.99173	1.81275
6.21512	1.68297
6.31088	1.63817
6.42037	1.57081
6.40627	1.65878
6.38196	1.60924
5.93691	1.92364
5.68631	2.12687
6.1195	1.97231
6.35156	1.79399
6.51295	1.46813
6.38155	1.57007
6.26417	1.64732
6.07467	1.71155
5.45688	1.94183
4.86428	1.89623
4.85204	1.41843
5.15973	1.06229
5.55688	0.124467
5.58767	-0.106293
5.61801	-0.276122
5.5906	-0.434966
5.67795	-0.399868
5.38728	-0.534574
5.5406	-0.460414
5.53117	-0.663972
5.34063	-0.481558
5.07384	-0.349578
4.55456	0.245347
5.16527	1.29207
5.9557	1.00422
6.02221	1.0163
5.89696	1.32609
5.73834	1.46579
5.7116	1.58766
5.65419	1.58349
5.63825	1.65543
5.60898	1.65237
5.56828	1.68237
5.64577	1.74902
5.6768	1.82836
5.62043	1.9607
5.48013	2.21609
5.19695	2.21162
4.45095	1.80449
5.30456	1.83656
5.36687	2.25889
5.00704	2.26349
4.59038	1.99256
3.98597	1.95637
3.83922	1.86323
3.57314	2.01893
3.90419	2.06513
4.73892	2.15337
5.53033	2.05746
5.9235	1.87264
6.18208	1.76876
6.23399	1.67569
6.28912	1.53873
6.37524	1.43127
6.33295	1.4724
6.32299	1.41132
6.27164	1.42117
6.22729	1.368
6.12944	1.31037
5.97801	1.30441
5.62979	1.47444
4.67929	1.78611
4.27696	1.73304
4.38744	1.57538
4.29814	1.69384
4.2778	1.66257
4.28444	1.62571
5.00221	1.3716
5.23395	1.74565
5.38218	1.7376
5.36353	1.78723
5.42385	1.75545
5.16976	1.95314
5.15683	1.81705
4.89137	1.98687
4.80108	1.94834
4.69183	1.86461
4.26287	1.74494
3.86543	1.77341
3.84208	1.51257
3.73335	1.75256
3.85777	1.48285
3.47071	1.24619
3.30274	1.16632
3.33497	0.964873
3.29773	0.794106
3.2414	0.881136
3.05255	0.896725
3.10911	0.76791
3.19873	0.774199
3.24491	0.656832
3.18669	0.923884
3.0018	0.846694
3.097	0.857897
4.59367	-0.307431
4.98138	0.92522
5.80552	1.9178
6.21485	1.93856
6.55327	1.64897
6.73041	1.41743
6.68075	1.35832
6.46629	1.46499
5.96104	1.50596
4.95321	1.80048
4.5756	1.98471
4.40941	1.87106
4.04599	1.47881
3.91094	0.805846
4.19947	0.29855
4.48942	0.120395
4.96478	0.144426
5.06517	0.26812
4.32858	0.396145
3.48157	1.00354
3.28355	1.13397
3.17101	0.994529
3.17508	0.764627
3.18656	1.03216
3.68614	0.611026
5.18805	1.01799
6.23067	2.14357
6.72778	1.83377
6.92597	1.77469
7.07765	1.57135
6.78027	1.56042
5.15177	1.67904
5.17552	1.7259
6.06288	2.13172
6.21891	2.09251
6.00835	2.27331
5.51583	2.37065
4.61132	2.34092
4.66971	2.26375
4.91913	2.16325
4.95623	2.09129
4.91409	2.08064
4.90799	2.138
5.08426	1.90197
5.23585	1.74348
6.41014	1.18544
7.16606	0.812352
7.38722	0.556845
7.44763	0.451761
7.38535	0.464554
7.10433	0.727225
6.8312	1.06165
6.55998	1.21386
5.65347	1.47186
5.48669	0.881499
5.99032	0.0913309
4.39899	0.93067
4.01752	1.0191
3.83783	1.16513
3.43117	0.956055
3.53127	1.02159
3.60822	0.74965
3.36286	0.855986
4.35817	0.376884
5.51385	0.446726
5.93883	1.4358
6.36031	1.4031
5.41417	1.027
6.39518	0.427075
7.04486	1.23072
7.15205	1.38868
7.32933	1.30581
7.40688	1.23439
7.28714	1.1937
7.05429	1.15183
6.51293	1.30757
5.52167	1.7546
4.97867	2.04193
4.96068	1.99367
4.85185	1.93469
4.60438	1.96537
4.33618	1.96316
3.91972	1.78991
3.5714	1.20767
3.48879	1.00721
3.99997	0.861903
6.20499	0.695093
5.8925	1.34863
6.62505	1.77859
6.97214	1.6022
7.34394	1.341
7.44933	1.27135
7.41509	1.32935
7.37284	1.38694
7.22442	1.284
6.65418	1.49995
6.28879	1.73931
6.0717	1.95279
5.96263	1.98866
6.04052	1.97443
6.94381	1.73436
6.98333	1.812
6.992	1.82788
6.98067	1.86222
6.94412	1.78928
6.75495	1.79245
6.16749	1.97063
5.11101	1.5147
5.85276	1.76649
6.00329	1.85871
5.09736	1.6903
5.91293	0.823457
6.31623	1.82137
6.11065	1.57896
4.60154	1.36382
6.13622	1.15292
6.54643	1.41717
6.53582	1.26728
6.48678	1.11836
6.65027	0.859044
6.75277	0.777374
6.70512	0.755125
6.66406	0.668964
6.54986	0.710543
6.30858	0.844941
5.97707	1.08496
5.68019	1.29045
5.06018	1.34398
4.61771	1.5491
4.3457	1.44948
4.636	1.45254
5.16987	1.74418
5.50255	1.80688
5.78722	1.51475
5.69352	1.80452
5.55892	1.83087
5.33335	1.9784
5.15432	2.15257
5.06998	2.27519
5.1663	1.965
5.85183	1.50504
5.87894	1.72937
5.85466	1.84893
5.75792	1.95668
5.73783	1.84952
5.60108	1.87036
5.50811	1.8807
5.34326	1.79366
5.1939	1.73436
4.76092	1.93695
4.57429	1.74116
4.42639	1.56962
4.23083	1.33235
4.54104	0.776074
4.79468	0.365193
4.67462	0.366178
4.64284	0.184678
4.65015	-0.0163348
4.73717	-0.256464
4.59354	-0.0203468
4.79232	-0.119528
4.67614	0.149599
4.69667	-0.0731435
4.73469	0.130835
4.52301	-0.0192922
4.4663	0.0520344
4.50926	0.0987698
4.35412	0.364211
4.43521	0.428933
4.23663	0.266145
4.23561	0.5044
4.02396	0.546163
3.52647	0.713885
3.44029	0.87564
3.17494	1.11071
3.264	0.677476
3.2322	0.764518
3.29227	0.858014
3.11933	0.73686
3.22851	0.85967
3.19335	0.793995
3.13894	0.817322
3.07885	0.532745
3.19586	0.758139
3.20488	0.784837
2.62992	1.04039
3.17103	0.820965
2.96312	0.799825
3.08443	0.743641
3.06283	0.695867
3.11043	0.800899
5.19174	1.24997
6.38134	2.12382
6.84805	1.80742
7.09606	1.70166
7.25116	1.64283
7.31919	1.53903
7.35245	1.38926
7.1477	1.25869
6.67133	1.36104
6.52086	1.46818
6.46006	1.43448
6.43388	1.39284
6.70457	1.24478
7.21974	1.23392
7.24481	1.34659
7.27984	1.25135
7.286	1.21587
7.13201	1.35467
6.96742	1.4191
6.68497	1.3756
6.22326	1.41595
5.76127	1.43011
5.39513	1.44195
5.46698	1.46067
5.81364	1.29978
6.25516	1.14824
6.43245	1.10768
6.48933	0.948422
6.56625	0.839693
6.44544	0.747737
5.24898	1.23708
6.06728	0.649166
6.55485	0.326306
6.52401	0.0379581
6.42469	-0.0735328
6.19492	-0.19881
6.1044	-0.232721
6.08812	-0.129737
6.21287	0.00663808
6.17127	0.331588
5.75531	0.696225
5.26679	1.65177
5.05397	1.96712
5.0505	1.92189
4.9269	1.97648
4.71353	1.87792
4.35799	1.82428
5.26226	1.42421
4.59445	1.05032
4.70335	0.341632
4.93806	0.304288
5.24198	0.143976
4.99811	0.286463
4.70022	0.4981
4.20888	0.593176
3.64346	0.791159
3.90624	1.28228
4.53754	1.73749
5.56323	1.70061
6.31776	1.65341
6.70578	1.62443
6.82949	1.61405
6.7325	1.70679
6.49356	1.83089
6.23371	1.84309
5.91753	1.84243
5.41177	1.84321
5.57446	1.19457
5.71128	0.431313
5.51399	-0.00524326
4.83425	0.168435
3.72286	0.79277
3.37358	1.07766
3.31549	1.16665
3.16578	1.15881
3.12011	1.09857
3.1289	0.748928
3.69513	0.279254
5.3434	0.433206
5.19893	0.552141
6.08219	0.265049
6.20232	-0.232365
6.08977	-0.258492
6.10695	-0.252413
6.03779	-0.152019
5.86157	0.134579
5.28647	0.94623
4.43565	1.58378
4.15684	1.66788
4.1657	1.60187
4.00537	1.54765
4.5175	0.932844
3.65018	1.23289
3.58551	0.851936
4.50366	0.370049
5.32875	0.224968
5.53504	0.236531
5.66195	1.17092
6.35188	1.38253
6.92226	1.28935
7.00153	1.40598
6.94464	1.57722
6.89709	1.65015
6.74615	1.71832
6.39063	1.80394
5.52106	2.01811
5.21207	2.16781
5.20458	2.06935
5.01719	2.15599
5.07703	2.01083
4.97617	2.10038
4.87632	2.15338
4.76571	2.03985
4.62264	2.13231
5.56183	1.58082
6.73116	1.55018
6.9618	1.37396
6.81184	1.58496
6.43157	1.85626
5.8488	1.9859
5.60761	1.62094
5.49899	1.33798
5.3251	1.45425
5.58557	0.907163
5.39923	0.362308
4.70093	0.340762
3.80361	0.720115
3.44763	1.09127
3.43191	1.09025
3.16531	1.17255
3.24263	0.928073
3.89957	0.841575
3.88996	0.743509
4.86405	0.48303
5.47255	0.268254
5.1645	0.0134694
5.11052	0.800758
5.38732	0.93734
5.57505	0.429218
5.68046	0.278818
5.6281	0.349771
5.49022	0.607405
5.01922	1.06909
4.21122	1.62812
3.8723	1.6392
3.72776	1.61555
3.70701	1.40918
3.61276	0.857782
3.9547	0.621929
4.32618	0.113022
5.0745	0.505103
4.95608	1.18143
4.52825	1.34626
3.86226	1.68437
3.59585	1.41095
3.43693	1.24807
3.4211	1.29438
4.56887	1.51211
5.4891	2.08816
6.34894	1.92805
6.83565	1.78126
6.94373	1.67138
7.17583	1.47541
7.19143	1.54915
6.95449	1.57122
5.65055	1.76075
4.9755	1.4551
6.58625	1.77283
6.528	1.92937
6.12285	2.09622
5.31897	2.35516
4.40463	2.2722
4.48836	2.04901
4.75746	1.95132
4.92969	1.85247
4.92074	1.9327
4.96532	1.96953
5.00474	1.99372
6.57872	0.892493
7.0553	0.506967
7.12188	0.385614
7.15273	0.245689
7.12788	0.214551
7.05484	0.124738
6.91009	0.11152
6.815	0.129205
6.67603	0.245611
6.42211	0.369524
5.95793	0.624247
5.44236	1.0289
5.28777	1.20125
5.17322	1.2903
4.79389	1.56691
4.44525	1.65832
4.36578	1.57405
4.37152	1.54696
4.36254	0.971553
4.59848	0.534227
5.25966	0.730931
5.23269	0.912995
5.35405	0.877471
5.51458	0.789075
5.47906	0.793428
5.59767	0.894129
5.63911	1.03051
5.33493	1.34445
4.60298	1.69521
4.25919	1.72277
4.2866	1.74163
4.43176	1.83451
4.53769	1.97859
4.80623	1.93319
5.16362	2.0982
5.65329	1.95544
5.84526	1.84278
5.89188	1.72141
6.02479	1.4871
6.04853	1.43347
6.08786	1.41833
6.4439	1.39157
6.7245	1.44932
6.7531	1.43008
6.7806	1.39407
6.78911	1.40902
6.78024	1.39613
6.68024	1.41695
6.63575	1.40538
6.44626	1.48759
6.22241	1.62021
5.96633	1.72239
5.6646	1.83345
5.21802	1.97854
4.84606	2.01929
4.64647	2.02231
4.37557	2.08523
4.37732	1.8835
4.11756	1.92854
4.04649	2.08791
3.98372	1.99817
3.93558	1.98541
3.93387	1.83267
3.88711	1.86421
3.8601	1.91125
3.87172	1.58094
3.77873	1.32902
3.95044	0.797102
4.39666	0.192791
4.60877	-0.203196
4.80069	-0.629622
4.79221	-0.696208
4.83609	-0.80706
5.06373	-0.66962
5.09074	-0.635275
4.99121	-0.63189
4.88426	-0.65658
4.97124	-0.535085
5.0086	-0.536672
4.80375	-0.476731
4.85284	-0.252173
4.73132	-0.278677
4.76605	-0.218408
4.52208	-0.221507
4.12119	-0.0376911
3.88825	0.504105
3.63843	0.356283
3.28934	0.62104
3.27848	0.555092
3.03037	0.452814
3.01039	0.527846
3.0625	0.501351
2.92114	0.864558
3.12495	0.767057
2.99467	0.646899
3.09039	0.629939
