2.68486	0.437775
-0.785157	-0.389804
-0.157936	0.164605
0.186701	-0.0419236
-0.11469	0.00252811
-0.167518	-0.019247
-0.0240595	0.215779
2.90813	0.592208
-0.817723	-0.298317
-0.24074	0.0429871
-0.0964405	0.205055
0.0329866	-0.0833109
0.0186991	-0.0441205
0.0554955	-0.0825332
4.66913	2.06394
0.224154	0.510216
-0.0432122	-0.691361
0.0102494	-0.0827894
-0.270272	0.0480626
-0.0651988	-0.0608152
-0.0836102	-0.0581998
5.16728	2.00795
-0.284751	0.598908
-0.0588372	-0.354969
0.420078	0.112167
-0.147552	0.0172099
-0.0148412	-0.035999
-0.0902638	-0.241053
5.40518	2.01757
-0.730893	0.620513
0.191262	-0.352557
0.432766	0.27362
-0.450577	-0.152582
0.03297	0.145776
-0.215007	0.0212037
6.95924	1.27412
-0.924115	0.295058
0.339434	-0.171852
-0.318596	-0.424747
-0.0454656	0.0905924
-0.463152	-0.00831498
0.0729739	-0.00412171
5.96849	0.550898
-0.734396	0.847244
0.359222	-0.0287636
-0.106045	-0.0540977
-0.199388	-0.0970864
-0.341363	0.0503237
-0.192004	-0.128633
6.55181	0.447987
-0.610631	0.891489
0.672981	-0.0687121
0.248841	0.0788288
-0.253288	-0.00612862
-0.0295853	-0.28514
-0.126981	0.0134524
5.0515	1.80711
-0.621008	0.911607
0.148537	-0.395059
0.35597	0.103882
-0.398101	-0.158397
-0.0983479	0.185642
-0.0412661	-0.063828
6.3584	1.43355
-0.366868	-0.0126708
0.354799	0.152552
-0.234181	-0.348523
-0.216426	0.192055
-0.411536	-0.0692411
-0.00698673	-0.160203
5.03162	0.542807
0.105163	0.57299
0.403762	0.280116
-0.332848	-0.227453
-0.133353	0.0162359
-0.43715	-0.0551595
0.020794	0.0305614
5.74422	1.48392
-0.26538	0.443256
0.13775	-0.286679
0.221302	0.0590334
-0.18595	0.0870268
-0.165874	-0.0722433
-0.0630059	-0.0219195
4.31278	0.711372
-0.219733	0.344798
0.0828887	-0.119829
-0.0592754	-0.164672
-0.113215	0.146037
0.0569047	-0.0902163
-0.0860705	-0.00861664
3.37375	0.989462
-0.411263	0.455968
0.206015	0.0341362
0.0448091	-0.066095
-0.150565	-0.306393
0.0826635	0.0704164
-0.206267	-0.153478
4.94809	2.03158
-0.112934	0.397507
0.244162	-0.0619686
0.0730087	0.049094
0.0569505	0.0888557
0.0615181	0.0378716
-0.0330176	0.0428238
3.90504	-0.417474
0.100216	-0.167508
-0.107973	0.0673627
-0.14367	0.025632
-0.08497	0.0539589
-0.135149	-0.0640711
-0.122771	0.142478
3.94179	-0.00595583
-0.695275	0.0197536
0.0814836	0.0884993
-0.0320227	0.223151
0.0891576	0.17776
0.0469026	0.0187815
-0.0397137	0.145592
3.51626	0.640644
-0.350857	-0.0225451
-0.0350136	0.26913
0.128742	-0.334469
-0.325633	-0.0196516
-0.0334878	0.0430753
-0.06489	-0.0622859
6.55375	1.18621
-0.433036	0.112227
0.17677	-0.0356688
-0.362223	-0.30894
-0.373763	0.211979
-0.0779264	-0.0642406
0.0735251	0.120437
6.25676	1.51653
-0.261448	-0.407601
-0.328136	-0.290309
0.221554	-0.0318303
-0.315766	0.143737
0.0290146	0.0196445
0.0972572	0.164064
4.63581	1.86915
0.00816758	0.0667682
-0.00867984	0.18004
-0.0491527	-0.0896379
-0.0233745	0.172061
-0.116781	-0.0377069
-0.122973	0.0270612
4.44232	0.266423
-0.427706	0.195018
0.167311	-0.0148746
0.267424	0.0093925
-0.0392041	0.237403
-0.0949386	-0.0643999
0.106258	0.10012
4.59961	1.79283
-0.224718	0.146017
-0.286199	-0.034691
0.323134	0.00752645
-0.250557	0.188226
-0.224829	0.0783619
0.228822	0.103703
3.83833	1.56734
-0.133261	-0.156507
-0.33747	-0.0107319
-0.0202858	0.154427
0.26654	0.167109
-0.121262	-0.138252
-0.12262	-0.00755084
3.32304	1.35417
-0.551425	0.0032503
-0.0412245	0.239939
-0.106654	-0.0525631
-0.056876	0.0128634
0.0316159	0.0399019
0.0173875	0.150774
2.93498	0.647782
-0.784393	-0.305245
-0.047871	0.148558
-0.138264	0.0926417
2.64177	0.688992
-0.562181	-0.0519123
-0.079589	-0.0195274
-0.0833296	0.0534054
-0.0367085	-0.087423
-0.150606	0.232107
0.00953488	-0.127317
2.67475	0.684322
-0.938667	-0.164249
0.122299	0.0333702
-0.0772819	0.0391132
-0.182917	0.0491088
-0.278432	-0.120642
-0.0818772	0.151329
5.37272	1.18409
0.10086	-0.280457
0.253878	0.0606454
-0.110343	-0.0988057
-0.572931	-0.0150955
0.0743317	0.0811814
-0.144414	0.10211
6.68975	1.32509
-0.562119	0.0710471
0.407785	-0.197655
-0.207672	-0.391616
-0.124831	0.0372882
-0.362591	-0.0484598
-0.0140211	-0.129651
5.34329	1.15537
-0.631369	1.06773
0.274811	0.19735
-0.177633	-0.152058
-0.0083125	-0.191557
-0.380206	0.0537118
0.0300795	-0.0571433
7.10656	0.710206
-0.457942	-0.00433808
-0.30859	-0.0765397
-0.16709	0.376782
-0.247181	-0.0864874
-0.0102631	-0.298722
-0.242778	0.0335944
4.92333	2.24668
-0.177271	-0.116078
-0.31587	0.21344
0.184164	0.0218636
-0.140715	-0.286505
-0.239185	-0.0569643
0.0613416	-0.00169487
6.80215	1.51051
-0.778316	-0.140795
0.0863463	0.0423523
-0.221609	-0.220474
-0.494567	0.129652
0.0137933	0.0309177
0.0055027	0.123916
7.35363	1.06981
-0.680087	-0.392538
-0.258786	-0.226232
0.00582225	0.0159615
-0.22317	-0.201217
-0.162342	0.102517
0.0560934	0.0396798
5.96394	1.56484
-0.892635	0.53479
0.140655	-0.103192
0.197564	0.517043
-0.222507	-0.151472
-0.215311	-0.0972648
-0.0256897	-0.00254339
6.44542	1.26545
-0.59463	-0.158893
0.257713	0.0727429
-0.0111683	-0.165512
-0.321356	-0.0579322
-0.0568829	0.0173628
0.0113769	-0.0647023
4.57199	1.86612
-0.142237	0.597234
0.259865	0.109324
-0.108882	-0.237966
-0.194095	0.0717394
-0.232647	-0.0659029
-0.0757029	-0.15583
5.10005	0.586189
-0.98738	-0.149818
0.511647	0.0253606
-0.221181	-0.127801
-0.452206	-0.158482
0.0593208	0.136844
0.036571	0.0731984
3.79622	1.7942
-0.11935	0.0429321
0.107838	0.23841
0.146041	0.0154336
-0.125745	-0.0386421
-0.0267392	0.00282619
-0.0764722	0.174115
6.21721	1.23417
-0.0676232	-0.101557
-0.175597	-0.180461
0.497985	-0.111625
-0.189121	-0.0195108
-0.190126	0.115716
0.0857258	-0.040782
4.93951	0.545749
-0.827489	-0.115204
0.04508	0.11849
0.331451	-0.201442
-0.589028	0.0512272
-0.0316237	0.040553
-0.0359586	-0.0234019
4.76248	1.24889
0.45033	0.230091
0.136998	0.480912
0.0525983	-0.050474
-0.270938	-0.10099
-0.121874	-0.128895
0.103423	0.0223506
4.60682	-0.949832
-0.479132	0.218897
-0.227441	0.299333
0.0115785	-0.291826
-0.431565	-0.00863707
-0.0175174	-0.255662
0.00243776	-0.182931
4.65685	1.25172
0.480062	0.237905
0.282299	0.283588
-0.0889162	-0.169129
-0.162983	0.129416
-0.206618	-0.0212931
-0.00699737	-0.0485826
3.08858	0.185787
-0.472663	-0.0347987
0.0866397	0.0169916
0.0311259	0.0561439
-0.146845	0.00394226
-0.106556	0.121324
0.0146351	-0.0193781
5.04741	2.30041
-0.811676	0.463641
0.366778	-0.196247
0.026898	-0.073292
-0.0248598	0.119549
-0.354286	0.0177138
-0.109032	-0.0666362
5.05404	0.859339
-0.326874	0.684121
0.390567	-0.298545
0.224803	0.189028
-0.374841	-0.0801385
0.0899411	-0.0964622
-0.185103	-0.03549
3.24176	1.64276
-0.151591	0.360387
0.24084	0.226139
0.027729	0.247852
-0.126209	-0.0361884
-0.121805	-0.107511
-0.0266206	-0.00462828
3.98281	1.91463
-0.363435	0.67248
-0.188473	-0.373304
0.236109	-0.0965867
-0.106561	-0.247469
-0.199417	-0.136645
0.00853693	-0.0228806
4.69218	1.36596
0.249332	0.110895
0.0169456	0.218306
-0.0482396	0.0188414
-0.0841593	-0.0706574
-0.175592	-0.0362376
-0.16575	-0.0208452
3.86971	1.10855
-0.515521	-0.251375
0.023979	-0.389336
0.100535	-0.0633881
-0.313168	0.0163611
0.0340142	0.113187
0.186266	-0.0228541
6.23993	1.7305
-0.738467	-0.123202
-0.140248	-0.107316
0.31738	0.11225
-0.0680844	-0.182497
-0.252425	0.0832619
0.00471154	-0.143455
3.59549	2.06699
0.0674839	0.0305435
0.387088	0.242929
0.0932271	-0.0359136
-0.174364	-0.0497567
-0.153851	0.0838249
-0.00453934	-0.0521282
2.43005	0.398346
-0.89596	-0.317871
-0.0785567	0.131339
-0.201223	0.0112085
0.0820033	0.022472
-0.0183947	0.019733
0.0134795	0.115758
3.0994	0.757874
-0.687015	-0.175999
-0.120366	0.041025
-0.177881	-0.250044
-0.404025	0.0992659
-0.115897	-0.176686
-0.172671	0.122084
5.59785	1.02227
0.222331	0.3459
0.451044	0.263365
-0.119659	-0.0137139
-0.112095	0.233815
0.0246202	-0.14332
-0.20087	0.196554
5.40974	-0.313696
-0.502439	0.122415
-0.224328	0.173828
0.0745089	0.0108298
-0.242782	0.102365
0.172687	0.000726861
0.110667	-0.138793
6.17865	2.02107
-0.286001	-0.177473
-0.39697	-0.166382
0.0879309	0.00450385
-0.475439	-0.158547
-0.147358	-0.0254141
0.0574694	0.0543127
5.1183	-0.228758
-0.269386	-0.31748
0.0392709	-0.0506122
-0.145306	-0.157438
0.0616653	0.253839
-0.313432	-0.24207
-0.0449644	0.0344595
6.19919	1.05427
-0.439535	0.172583
0.242914	0.168504
0.342831	0.0437192
-0.308709	-0.142402
-0.227485	-0.0540601
-0.0129973	0.0341504
5.15259	1.85312
-0.471455	-0.130582
-0.0690611	-0.218172
-0.0227815	-0.0313235
-0.424068	-0.170425
-0.192621	0.0906861
-0.124066	0.0470831
3.88261	1.8643
-0.107357	0.0518636
-0.0164442	0.204347
-0.0773042	-0.141033
-0.370395	0.0578064
0.0390493	0.127841
-0.103709	-0.0348645
5.24826	2.30221
0.0239373	0.392632
-0.060073	-0.530183
0.0263855	0.227373
-0.115147	-0.0220488
-0.05888	-0.319489
-0.1278	-0.0345097
4.98489	0.386203
-1.0031	-0.144915
-0.27605	0.261818
-0.163459	-0.0347678
-0.406408	0.281073
0.066394	-0.243265
-0.0908586	0.0206763
5.46652	0.871833
-0.465099	0.823384
0.353606	0.301423
-0.456223	-0.00777265
-0.306575	-0.0747626
0.0474259	-0.237625
-0.0987291	-0.136726
4.5807	1.80445
0.191107	0.202079
-0.14309	-0.126224
-0.0931762	0.073839
-0.0759157	0.0645731
0.0359873	-0.263467
-0.153256	-0.0876063
5.44762	1.82423
-0.614123	0.435944
-0.044051	0.151788
0.00761291	0.0912872
0.0055736	0.0381899
0.153847	0.16333
0.112656	0.0786337
6.42685	1.74768
-0.834241	-0.0351032
-0.0222993	-0.126576
-0.178572	-0.170181
-0.444098	-0.000326503
-0.0357771	-0.135395
-0.0360422	0.069353
6.09942	0.464024
-0.227041	0.865793
0.265213	0.210328
-0.105123	0.0783738
-0.0747636	-0.137485
0.0457813	-0.0665672
-0.0861871	-0.0856148
4.45274	1.16976
-0.261892	0.847725
0.188635	0.362863
0.0750047	-0.153152
-0.413429	-0.125373
0.0851774	-0.122285
-0.0841458	0.081767
4.8244	-0.455658
-0.32303	-0.178048
-0.254635	0.451254
-0.231837	-0.122166
-0.0619986	0.146871
-0.025072	-0.152037
0.164113	-0.0393915
4.51189	-0.34506
-0.286548	-0.0970187
0.164408	0.116183
0.0744735	0.08988
-0.329542	0.0499856
0.0158453	0.0450609
0.172487	0.0466365
6.25356	1.79058
-0.526209	-0.240852
-0.484822	-0.231511
0.160269	0.0963041
-0.0520895	0.00725288
-0.129045	-0.0228886
0.133037	-0.0442527
4.02852	2.04556
0.0120418	0.0286617
-0.113688	0.170488
0.206962	0.26519
0.302166	0.30592
-0.016752	-0.0403086
0.0154515	-0.018772
2.86695	0.797716
-0.758746	-0.0915739
-0.130474	0.0634744
-0.110211	0.113392
0.00844281	-0.0394029
-0.0669791	0.00246433
3.07509	0.707683
-0.813381	-0.250959
-0.0916868	-0.0221663
-0.137112	-0.0270229
0.0463041	0.0473651
0.0542701	0.01452
-0.126153	-0.0356996
2.90827	1.07276
-0.34638	0.0310441
0.513956	0.346582
0.171582	0.0857017
-0.381346	-0.0559883
-0.00317464	-0.070159
-0.0680866	0.0234062
4.92228	0.930346
-0.456161	0.649916
0.749343	0.16003
0.192241	-0.112586
0.0295769	0.0756382
-0.247259	-0.152728
-0.0131769	-0.195788
4.84056	0.3982
-0.267419	0.255255
0.087862	-0.02816
0.0345909	-0.199789
-0.0694649	0.16174
0.0215988	0.073319
0.0279913	0.0943626
4.89283	-0.486342
-0.450006	-0.143846
0.261492	-0.0347915
-0.091031	-0.24823
-0.339783	0.114605
-0.040442	-0.205836
-0.0203196	0.0801532
6.53229	1.51171
-0.908122	0.485218
0.358694	-0.13151
-0.287447	-0.154867
0.027682	-0.0485534
-0.120752	-0.0710176
-0.028339	-0.157781
4.98659	2.07989
-0.353386	0.461298
0.460148	-0.387563
0.0580095	0.248934
-0.241385	-0.149288
0.130819	-0.0425677
-0.188816	-0.0158761
4.20479	0.738736
-0.381054	0.430473
-0.0326561	0.119116
0.178897	0.00480802
-0.204448	0.0566052
-0.0445782	0.0212435
-0.0703769	-0.115938
5.84688	0.304841
-0.405845	0.179684
-0.204514	0.0810416
-0.165512	-0.131934
-0.513718	0.028793
0.148526	0.0911931
0.0250645	0.0702533
6.27975	2.19559
-0.0689056	-0.173678
0.0730975	-0.146134
0.0503872	0.255843
-0.145417	0.236465
-0.257187	0.102446
-0.0127288	0.0411358
5.12579	-0.366629
-0.843029	0.100336
0.504948	0.0863175
-0.269886	-0.0491826
-0.309651	0.0214564
-0.275539	-0.0319441
-0.203021	-0.028515
3.94	1.27288
-0.205139	0.222862
0.153933	0.086568
-0.093883	0.158026
-0.134635	-0.00469114
-0.151131	0.0109519
-0.112388	0.100644
6.65177	1.72134
-0.549178	-0.423845
-0.109835	-0.359924
-0.0805568	0.31342
-0.126899	-0.0470778
0.0173701	-0.123701
-0.0696905	-0.140329
4.92768	2.0371
-0.690467	0.593822
0.197419	-0.555438
0.226206	0.285578
-0.234522	0.00573176
-0.0165856	-0.0313433
-0.108747	0.0102494
4.98247	1.93243
0.0294527	0.370947
0.104321	-0.455503
-0.0327943	0.542161
-0.218741	-0.21245
-0.00830145	-0.0613592
0.016721	0.0149245
3.68131	1.66354
-0.0348228	0.349098
0.523866	0.204784
0.114032	0.0169692
0.00145346	0.0371587
-0.145799	0.0779017
-0.0300513	-0.0405614
4.73358	-0.316276
-0.443437	-0.193117
-0.0358723	-0.174269
0.179895	-0.187791
-0.0346793	0.111728
-0.333302	-0.197873
0.0116595	0.0161381
6.17757	1.37955
-0.822163	0.436614
0.799803	-0.0873085
-0.308041	0.118594
-0.0296306	-0.0205306
-0.139538	0.00540324
-0.1917	-0.00148609
3.21258	0.910688
-0.755096	-0.236663
0.0804359	0.0455022
-0.0387373	-0.0966066
-0.137705	0.00646494
-0.0318684	-0.0022018
0.105141	0.0629435
6.18061	1.65318
-0.619091	-0.224664
0.041593	-0.238482
0.115652	-0.138964
-0.562631	-0.143137
-0.022586	-0.0839579
-0.0486429	0.107125
4.53316	-0.161091
-0.459344	-0.371514
-0.0273703	-0.122834
-0.357121	0.0153901
-0.0729068	0.107984
-0.0693165	-0.0186845
-0.109684	0.0927912
4.08213	-0.293775
-0.115646	-0.0487984
-0.175179	0.321865
-0.31177	0.0116273
-0.20931	-0.0041273
-0.0432526	-0.0699611
-0.00867145	0.104018
4.46745	1.2439
-0.263242	0.232379
-0.139595	-0.39172
-0.0283042	0.077222
0.138509	-0.199558
0.0663036	-0.126413
-0.212794	-0.13384
4.35205	2.11901
0.16339	0.445974
-0.362238	-0.20321
-0.281651	0.102934
-0.088512	-0.219284
0.0474718	-0.191767
0.0811659	0.0594467
5.90674	2.01229
-0.360962	-0.030064
-0.508934	-0.27476
0.177206	0.14137
-0.191384	-0.105536
0.213525	0.153268
0.0298637	-0.00027066
5.04636	2.06191
-0.484505	0.0967609
0.0804035	0.0882726
0.0372015	0.0393113
-0.0855154	0.019649
-0.00752103	0.067303
0.0896881	0.192322
3.17285	0.89128
-0.654845	-0.285553
-0.143943	0.0293559
-0.0975723	0.089775
0.03418	0.0948039
-0.182602	0.00108821
0.0572002	0.0673874
4.53571	-0.129126
-0.39617	-0.564807
-0.176983	-0.245307
-0.0399501	-0.104671
-0.160867	0.176111
-0.176301	-0.0132107
-0.0954417	0.141673
4.18658	-0.279641
-0.153021	-0.596416
0.0668615	-0.0839927
-0.281282	0.123855
-0.0816649	0.159687
-0.12591	0.132532
-0.0202087	0.0151153
2.92137	0.619131
-0.559585	-0.224582
-0.0703816	0.120341
-0.0590747	-0.0994624
-0.0680159	-0.075671
-0.0835015	0.0233959
0.00934751	-0.0724831
3.03105	0.657414
-0.743729	-0.255931
-0.349404	0.0298135
-0.0920326	0.103489
-0.191416	0.0557015
-0.0522877	0.12733
-0.0327763	0.27911
3.10047	0.672147
-1.0072	-0.116594
-0.119792	-0.0272564
0.117621	0.229006
0.0168943	-0.0625243
0.0375939	-0.203975
-0.0903439	0.0391628
6.05315	0.778433
-0.178462	0.0323726
0.00801599	-0.174526
0.246021	0.045262
-0.564016	-0.0811277
-0.334077	-0.0306623
0.00275561	0.160587
5.62045	1.25959
0.18714	0.128949
0.248919	0.314041
0.0904617	-0.126907
-0.178627	0.160041
-0.0404798	-0.0276988
-0.0259648	0.0663878
5.37335	0.0139186
-0.164056	-0.126633
0.328797	-0.0731458
0.0571082	-0.0561935
-0.305443	0.057679
-0.18848	0.129524
0.115543	-0.0122163
6.49377	1.95065
-0.630088	-0.386103
0.102689	-0.0457042
-0.0106273	-0.0641966
-0.319913	-0.0934034
-0.047471	0.0449674
-0.0633314	-0.133953
4.63323	2.05212
0.0238286	0.701432
0.0175573	-0.0395797
0.0222238	0.0220517
-0.0329753	-0.0995795
-0.0933676	0.0757315
-0.256286	-0.0188152
5.44127	0.824131
0.417961	0.0968579
-0.0742042	0.13355
0.342985	-0.294273
-0.497309	0.0400139
-0.146011	-0.00321212
0.109134	0.0350719
5.36492	1.51456
0.21827	0.341701
0.0472711	0.107172
0.0129397	0.0403796
-0.226317	0.102467
-0.211468	0.0524663
0.0361634	0.0437932
5.115	-0.709639
-0.325233	0.211298
-0.440833	-0.0125039
-0.116224	0.246154
-0.0807901	0.0448922
-0.0902328	-0.146056
0.0925626	0.0159854
4.62045	1.11249
-0.521791	0.315521
-0.0734775	0.116611
0.323334	0.0518958
-0.506727	-0.161919
0.118529	-0.139317
-0.113176	-0.0058796
6.79149	1.12973
-0.200039	0.13439
-0.0176817	0.125917
0.111578	-0.437909
-0.488257	0.145137
-0.176353	-0.0675922
-0.143574	-0.0445218
4.97243	0.775761
0.26498	0.203947
0.294668	0.235309
0.137385	-0.108947
-0.419385	-0.138622
0.0466619	-0.0669623
-0.0773149	0.0491843
4.74601	2.03496
-0.0496518	0.0610015
-0.318829	-0.0269288
-0.287644	0.24742
-0.149826	-0.101933
-0.139543	-0.0423977
0.00823694	-0.0691989
5.08785	2.62835
0.321063	-0.0421054
-0.157558	-0.348844
-0.436598	-0.253719
-0.217837	-0.1422
-0.22292	0.0782732
-0.00846807	0.0335029
4.16149	2.09734
0.184953	0.256729
-0.385939	-0.413083
-0.259948	0.271144
-0.195285	-0.266586
0.00768573	0.218827
0.02479	-0.106592
5.52736	1.99576
-0.382376	0.364977
0.168138	-0.0755202
0.0714491	0.0472404
-0.191488	0.0846054
-0.250559	-0.0101541
0.0978934	-0.0120527
5.34911	1.72902
-0.755315	0.250623
0.277681	-0.0104848
-0.173513	-0.238828
-0.391326	0.169634
0.00724763	0.0588853
0.244094	-0.0788103
4.60657	2.16525
-0.67771	-0.134829
-0.255935	0.169863
0.11569	0.0508746
0.229548	0.0142161
-0.103537	-0.0174592
0.000202658	0.067974
3.54594	0.707404
-0.724064	-0.083038
-0.126675	0.236282
-0.0458505	0.0101795
-0.0214647	0.109395
-0.0646268	-0.0192217
-0.0772948	0.0413012
3.05879	0.507498
-0.70388	-0.21926
-0.222147	0.260453
-0.0379704	-0.0819865
2.49185	0.598052
-0.98804	-0.22774
0.0598073	0.200868
-0.0413208	0.0117045
-0.0115368	0.226951
0.0856034	-0.109392
0.167396	-0.0118334
2.86339	0.553088
-0.931332	-0.376542
0.0198149	0.155029
-0.00560698	0.126363
-0.0925752	0.16455
-0.109804	-0.0138686
0.0824559	0.185597
4.30364	0.815361
0.0410002	0.17438
-0.14924	-0.0344384
-0.204882	0.284346
-0.287739	0.010901
-0.05365	0.000788568
-0.285425	-0.07676
5.45032	2.00855
0.0139082	0.184471
-0.0690177	-0.315078
0.234329	0.299174
-0.120079	0.0163373
-0.147172	-0.148273
-0.0768899	-0.0328795
4.82743	1.73826
-0.483249	0.747391
0.427642	-0.404316
0.195782	0.117952
-0.514071	-0.155291
-0.0989418	0.0362497
0.0543736	0.0539387
6.07135	1.25415
-0.896823	0.366286
-0.597978	0.0153501
-0.0622961	-0.139084
-0.437473	0.0205078
-0.00604243	0.069987
0.177939	0.0953615
7.10656	1.45333
-0.465697	-0.308497
-0.297765	-0.32676
-0.163069	0.321192
-0.0757928	-0.12476
-0.0415339	-0.203108
0.142156	-0.0362898
3.29878	1.09722
-0.506585	-0.187252
-0.34594	-0.195201
-0.0380815	-0.192936
-0.257566	0.0676753
-0.135949	-0.0329909
0.0512101	0.0141082
6.02633	1.95979
-0.991722	0.546929
-0.262759	-0.0130512
0.272993	-0.292699
-0.431422	-0.104676
0.0363113	0.0235593
0.176656	-0.00513315
6.51347	1.7413
-0.844467	-0.174298
-0.190905	-0.248627
0.102322	-0.197022
-0.405328	0.137373
0.00330548	0.0276481
0.144143	-0.054852
4.24028	2.03623
-0.279975	0.0298634
-0.200018	-0.00873014
-0.0923083	-0.0985714
-0.228807	0.135621
-0.134048	0.0529279
0.117976	0.0681553
4.60906	0.387877
-0.370717	0.0953723
0.231784	-0.353012
0.160493	-0.0732081
0.231618	0.275253
-0.260875	-0.00162365
-0.0690505	-0.115399
5.50323	0.897581
-0.406849	0.419726
0.656419	-0.0396512
0.0533689	-0.237946
-0.359538	0.230033
-0.10036	-0.151764
-0.25489	0.0654812
5.65432	1.47868
-0.552521	-0.0767186
0.172841	-0.0922318
0.14283	-0.384134
-0.558437	0.112423
0.121474	-0.0251634
0.0466367	-0.00931327
4.26959	0.942226
-0.270419	0.131651
-0.22501	0.106406
-0.177065	-0.201461
-0.158055	0.00565625
-0.13275	0.130859
-0.027561	0.115552
4.37648	-0.253713
-0.542116	-0.191586
0.0557938	0.069301
0.141023	-0.25153
-0.440476	0.132424
-0.00396877	-0.0810439
-0.0620656	0.0363506
6.15698	1.58881
-0.365825	0.0168699
-0.16375	0.0292702
-0.0934148	-0.0225618
-0.183807	-0.314352
-0.0103676	-0.127409
-0.156733	0.0827301
3.48958	1.38662
-0.476079	-0.0680321
-0.121158	-0.0572465
-0.0633021	-0.0646745
-0.264237	0.138627
-0.0870634	-0.109557
-0.178505	0.0630912
4.40644	0.764429
-0.945509	-0.187488
-0.371798	-0.0273761
0.15603	0.141761
-0.431482	-0.0404869
0.137512	0.0369474
0.0310485	0.113533
6.09362	1.93525
-0.531028	-0.564411
0.0500157	-0.250962
-0.0369016	-0.105352
-0.520051	0.106789
0.229766	0.143178
0.0631774	-0.0102603
4.10581	0.799846
0.27129	0.299698
0.167868	0.391335
-0.118709	-0.198534
-0.274146	0.202196
-0.405831	-0.0644357
0.00717543	-0.188954
4.92758	0.570287
0.318548	0.944271
0.290309	0.0488343
0.0359974	0.0306656
-0.302853	-0.12423
-0.418178	0.129792
0.00477889	-0.0353976
2.86987	0.651083
-0.492053	-0.253964
-0.0350055	0.166443
-0.0191258	0.0791101
0.00344889	0.127918
-0.116332	-0.178191
0.0456044	0.0128123
2.86796	0.659676
-0.950532	-0.282731
0.0533041	0.0277699
-0.161031	-0.0878056
-0.137223	0.130537
-0.229175	-0.0740784
-0.0401218	0.150081
3.34141	0.760345
-0.685312	0.0332496
0.0895856	0.170039
-0.204225	-0.217157
-0.163002	-0.0482549
-0.0661644	0.0148769
0.115655	-0.00249625
2.87046	0.593262
-0.872715	-0.337732
-0.105777	0.110531
-0.138961	-0.0393727
2.70642	0.732936
-0.790847	-0.192669
-0.205384	0.00474608
-0.0128117	-0.0955767
-0.0140564	-0.0171974
-0.156402	-0.0108284
-0.00486642	0.118162
2.9887	0.91281
-0.189313	0.237811
0.33832	0.18367
0.147969	0.0140461
-0.273308	0.143937
0.2176	0.0338083
0.0519175	-0.0550151
7.2597	1.20517
-1.0701	0.0740922
0.529037	0.347384
-0.462906	-0.147934
-0.0863854	-0.133568
0.041547	0.173612
0.0755114	-0.0405989
3.20005	1.06738
-1.10926	-0.241931
0.0199731	-0.11821
-0.121191	0.0720742
-0.273639	-0.0973288
-0.29642	0.0598167
-0.0152326	-0.00100727
6.03168	1.20645
-0.110948	0.0655634
0.318775	0.290918
-0.0549732	-0.120156
-0.0489101	0.127426
-0.148607	-0.119239
-0.0957567	-0.0900386
4.91215	0.864139
-0.209371	0.289136
0.388553	0.0123163
0.0294909	-0.395942
-0.516102	0.115087
-0.0417771	-0.190774
-0.151189	-0.0725107
5.28526	1.38379
0.256264	0.402971
0.478074	0.216057
0.0151244	-0.0955705
-0.22421	0.219211
-0.020547	0.0622083
0.0526631	0.0291411
4.51459	0.323649
-0.189441	0.460487
0.40637	0.128549
0.104693	-0.161748
-0.332081	0.0782695
0.0742047	0.0800384
-0.0826157	0.0623499
4.74227	1.60125
0.0416936	0.521325
0.221902	-0.258938
0.14732	0.26178
-0.0626926	0.0245007
-0.146081	-0.0220989
-0.0678908	-0.0608501
3.9161	1.94114
0.262031	0.514477
0.189445	0.0832156
0.109436	0.183609
-0.010775	0.0544028
-0.0577902	-0.0627221
-0.0526792	0.0907317
4.44391	-0.845448
-0.403752	-0.173308
0.0924086	-0.238533
-0.102998	0.0317202
0.174566	0.275815
-0.33441	-0.0716342
0.0100171	-0.158654
5.67095	0.744425
-0.313828	0.925662
0.588657	-0.222033
-0.0435655	-0.0596264
-0.241294	0.0084039
-0.301467	-0.0828044
0.0270384	-0.110884
6.08649	0.942285
-0.647713	0.561242
0.444621	-0.137477
-0.173027	-0.333799
-0.333518	0.236018
-0.113578	-0.135207
-0.0620011	0.135798
6.39232	1.18962
-0.487932	-0.0271113
0.3926	-0.121038
0.404984	0.0235144
-0.332914	-0.21952
-0.19881	0.0387016
0.0637113	-0.0328717
4.94806	1.87344
-0.768712	0.536895
0.315013	-0.0786517
0.132701	0.222378
-0.280388	-0.357449
-0.140327	0.0857861
0.0105208	-0.079655
5.90512	1.68764
-0.363141	0.0177992
0.291743	-0.00557259
0.101253	-0.355787
-0.319329	0.10087
-0.0728337	-0.00151507
-0.0553118	-0.0699162
4.35881	0.305195
0.183667	-0.0902946
0.515205	0.303882
-0.00187124	-0.121073
-0.424216	0.262634
-0.14767	-0.0944647
-0.0770503	0.0101631
5.88038	1.32499
-0.629154	0.370192
0.37891	0.237567
0.0654967	0.0135976
-0.237779	-0.229531
-0.0967784	0.0571915
-0.0592991	-0.014275
6.12775	1.50448
-0.0307162	0.0828964
-0.419907	-0.0485995
-0.0879098	0.234417
-0.303358	-0.0780679
-0.273558	-0.203715
-0.0598695	0.0835687
5.57464	1.82899
-0.0174515	0.107206
-0.305074	-0.153621
0.285618	0.051654
-0.346882	-0.0380149
-0.311184	-0.0628156
0.0412989	0.0879017
6.46161	1.65301
-0.48173	0.0448212
-0.434154	-0.194404
0.167103	0.0101703
-0.349816	-0.158912
-0.151341	-0.0956123
0.0104535	0.0420599
5.134	0.354221
0.0459315	0.0885343
-0.0620296	0.292867
-0.233319	0.0919289
-0.134322	-0.0419694
-0.0333014	0.0381186
-0.172311	0.0367526
3.6086	0.775505
0.146609	0.135366
-0.134501	-0.0686541
0.218626	0.14272
-0.00032483	0.0281463
-0.245893	-0.17243
-0.266187	-0.0352213
4.38727	1.65805
0.0353759	0.139202
0.155831	0.0410427
0.283212	0.1179
0.0982979	0.0446397
-0.144182	-0.111573
-0.187003	-0.218923
2.92967	0.831809
-0.607596	-0.176493
0.0352834	-0.0184533
-0.0371668	-0.204153
-0.186473	0.216948
-0.359308	-0.163052
-0.0297478	0.042677
4.5838	1.7876
-0.269785	0.58193
0.358539	-0.166479
-0.00386502	0.0947055
-0.241525	-0.0827292
-0.157624	-0.11343
-0.0496093	-0.115427
4.33347	0.957358
-0.0865513	0.195795
0.369211	0.159717
-0.215663	0.0124609
0.0189877	0.0925634
-0.15211	0.0617902
-0.0725468	0.0511283
3.40036	0.133693
-0.521072	-0.397998
-0.0827186	0.152559
-0.19274	0.114691
-0.205726	0.00710988
-0.0393142	-0.118813
-0.0242095	0.0319429
4.3025	-0.485437
0.0043365	0.615557
0.144471	0.364313
-0.107993	-0.228735
-0.563814	0.0402863
0.0255245	-0.157077
-0.000311627	-0.00113565
4.61024	0.494774
0.161059	-0.0482375
-0.0955442	0.0321462
-0.210509	-0.172686
-0.19127	0.186623
-0.0105543	-0.0822456
0.106452	-0.0320567
4.08016	0.59044
-0.56749	-0.260257
-0.330589	-0.0796664
-0.0446443	-0.189468
-0.289402	0.143869
0.0910335	0.0508516
0.0960851	0.0190348
5.6522	1.91043
-0.508982	-0.340587
-0.0532004	-0.0187889
0.0956377	-0.0512118
-0.19724	-0.00414749
-0.0637348	0.0340622
0.100748	-0.015748
3.69602	1.81118
-0.688814	0.455949
0.358941	-0.132137
0.190387	0.00117933
-0.108134	0.0275988
-0.0348006	-0.0425204
-0.0859208	-0.120649
3.42402	1.59202
0.255446	0.339582
0.0973466	0.276012
0.25162	0.233922
0.00626049	0.142529
0.146481	0.114047
-0.0761972	0.0168272
3.95492	-0.906021
-0.215772	-0.318021
-0.148151	0.0577023
-0.236929	0.0953975
-0.277018	0.258786
-0.159039	-0.124265
-0.0315702	0.0342651
3.72238	-0.621363
-0.513616	-0.0743662
-0.3729	0.193636
-0.0504266	0.126019
-0.241996	0.108034
-0.104769	0.0279291
0.0190606	0.0558736
2.84787	0.623706
-0.784989	-0.332338
-0.0524565	0.0900947
-0.209535	-0.0548966
0.0216815	0.180645
-0.0489218	0.067731
2.69916	0.520605
-0.835669	-0.258536
-0.193297	-0.0818346
-0.165849	-0.0694699
-0.0309696	0.208315
-0.0104944	-0.126289
-0.00744441	0.113621
2.76617	0.494607
-0.744634	-0.275153
0.0727013	-0.0173787
0.332394	0.291333
0.0896261	-0.314678
-0.132123	-0.0260514
-0.0998686	0.0408127
5.1813	-0.0980288
0.233113	0.907686
0.318768	0.310177
-0.323358	-0.0999077
-0.0195991	-0.135856
-0.397784	0.0486545
0.0859564	0.0127172
6.99755	1.35743
-0.864305	0.124331
0.144667	-0.0149282
0.00778275	-0.210638
-0.337038	-0.116236
-0.273257	-0.0149489
-0.0199647	-0.0330676
5.33334	1.8341
-0.111934	0.096167
-0.192054	0.00599175
-0.0366944	0.0986993
0.0600756	-0.262101
-0.295992	0.151856
-0.177566	0.123375
5.94293	1.69193
0.416465	-0.212431
0.144123	-0.0108682
-0.0528233	0.110692
0.0285686	0.162251
-0.350442	-0.216941
-0.0963626	0.0175671
5.09244	-0.291562
-0.80991	-0.208429
-0.250415	-0.00500807
0.0559397	-0.0628933
-0.00333111	-0.135607
-0.417278	-0.0151737
-0.0564835	0.0946016
5.93619	1.04257
0.470401	0.0640016
-0.0100295	0.0807557
0.0363607	-0.106038
-0.163719	0.0320121
-0.0534332	-0.00071547
-0.0925178	-0.0172946
4.9331	0.421298
-0.622149	-0.0286139
-0.21094	-0.167882
0.164553	-0.163091
-0.275997	-0.0973641
-0.17655	0.067861
0.218506	0.0549716
6.5404	1.43722
-0.661787	0.326877
-0.587881	-0.174853
0.197497	-0.114069
0.0453966	-0.133883
-0.251515	-0.0272899
-0.0779022	-0.124599
4.85644	2.07007
-0.625305	0.457558
-0.0468892	-0.213179
0.23845	0.167879
0.0670122	0.032731
-0.115194	0.00629389
-0.0570437	-0.243751
5.21003	1.72432
-0.635994	0.629549
-0.147787	-0.239768
0.112067	0.303093
-0.0786246	0.218646
-0.162094	0.10323
-0.194596	-0.0399758
5.97666	1.48114
0.333819	0.0798738
-0.373786	-0.451524
-0.37214	0.121427
-0.160755	0.116092
-0.102989	-0.0277995
-0.0423043	-0.315709
4.0905	1.8711
0.14654	0.242631
0.107166	0.0802979
-0.167421	0.226969
-0.0765047	0.199946
0.00540767	0.101426
-0.0136052	-0.135553
4.47152	1.76863
-0.649884	0.288405
0.00725719	-0.257348
0.285092	0.228524
-0.329105	-0.102241
-0.265469	-0.26922
0.0123223	0.0784774
6.76921	1.23342
-0.209992	-0.0916202
-0.40621	-0.335369
0.0157939	0.196462
-0.243372	-0.115417
-0.177598	-0.166216
-0.0213403	0.0767052
5.98817	1.73963
-0.131889	-0.186223
-0.342599	-0.561439
0.0866456	0.0895134
-0.266236	0.0546049
-0.237458	-0.0457754
0.156193	0.0324121
5.84681	1.72396
-0.380302	0.0937025
-0.386656	-0.0458212
0.101466	-0.0500909
-0.188782	-0.0447911
-0.152847	0.226959
0.164154	-0.128271
5.53703	2.48462
-0.721565	-0.16221
0.418299	-0.108014
0.17228	0.106287
-0.34571	0.133654
-0.00761458	-0.0700151
-0.0285607	-0.0685644
3.71923	1.75264
-0.0179461	0.590163
0.334479	0.331771
0.208938	0.105105
0.137173	0.192142
-0.0828342	-0.142177
0.116762	-0.07164
4.51808	-0.448577
-0.45787	-0.234941
0.240322	-0.102273
0.0925932	-0.273647
-0.124071	0.389689
-0.341105	0.00217712
0.0310644	0.0238958
5.68549	1.13395
-0.444586	0.582376
0.47149	-0.0401095
-0.0569623	-0.370919
-0.415804	0.12813
-0.0164151	-0.205704
-0.111467	0.0205088
4.72495	1.43346
-0.209437	0.0258225
0.21782	0.0466614
-0.0576834	-0.121776
-0.312782	-0.108986
-0.0825758	0.00553542
-0.112574	0.161569
4.34649	0.343158
-0.683336	-0.281657
0.0502408	-0.053716
-0.171311	-0.0198354
-0.170554	-0.000446032
-0.188115	-0.0237244
-0.00445189	-0.0203328
5.09699	0.877213
-0.524124	-0.0845967
0.0595107	-0.295121
0.172471	0.178295
-0.327102	-0.152458
0.0577181	0.14742
0.00569281	0.114165
5.82969	2.01628
-0.156118	-0.523008
-0.0186859	-0.40958
0.190951	-0.126176
-0.324558	0.0549283
0.083352	-0.0806403
0.0853456	0.0755768
4.49076	0.196403
-0.419097	-0.269618
0.0206327	-0.0676144
-0.115365	-0.11561
-0.249365	-0.0468147
-0.139463	-0.0747994
-0.0815128	0.140157
3.94213	0.507046
-0.137737	0.707537
0.429485	0.0339392
-0.216049	0.0903142
-0.383043	-0.185231
-0.0716226	-0.129024
-0.062709	-0.106233
3.10961	0.916239
-0.654056	0.0117532
-0.0752056	0.131394
-0.0675628	0.088676
-0.11397	0.085225
0.0951442	-0.038539
-0.0950122	-0.0662339
4.33426	1.45265
-0.522189	-0.38737
-0.440766	-0.252539
-0.144832	-0.00616717
0.041551	0.213254
-0.0139705	0.118594
-0.0077373	0.00992043
4.20867	2.21732
0.345575	0.493973
0.220627	-0.225298
-0.0968459	-0.133794
-0.243951	0.0676823
-0.0834172	0.00511557
-0.112514	0.0974685
3.304	1.2156
-0.567708	-0.0422282
0.0942986	0.118139
-0.418788	0.285876
-0.04251	-0.367324
-0.204357	-0.0790434
-0.199751	-0.142136
3.77261	0.77048
-0.590008	0.367621
0.0468956	0.0925268
-0.00238622	0.457471
-0.209222	-0.159297
-0.170424	-0.217519
-0.0924229	0.132885
5.98107	1.77451
0.0145478	-0.0304971
-0.519934	-0.455348
-0.343062	0.197605
-0.186537	0.0391828
0.0952759	-0.171127
-0.0534773	-0.0396507
3.71669	1.90531
0.389989	-0.0237896
0.266747	0.0669369
-0.232835	-0.0263354
0.022913	0.0153932
-0.00253959	0.0235559
0.205221	0.0151178
3.3155	1.27665
-0.239243	0.156757
0.203458	0.254057
-0.00914302	-0.0216054
-0.206249	-0.0285642
-0.23342	-0.0719762
-0.0327557	0.0477958
2.94645	0.509455
-0.833815	-0.203599
0.0390088	-0.180972
-0.090378	0.0994657
-0.196908	0.158072
-0.184559	0.0059531
2.28972	0.545328
-0.745804	-0.285244
-0.138769	0.0052114
-0.20117	0.0275797
-0.0555948	0.088135
0.121863	-0.0462824
-0.0234311	-0.021326
3.63304	1.3335
-0.347853	-0.161952
-0.165954	-0.0533615
0.152498	-0.0547488
-0.244208	0.0784014
0.012543	0.201821
0.158827	0.0588492
6.81392	1.75644
-0.379536	-0.405113
-0.460923	-0.392199
-0.215757	0.271185
-0.23872	-0.000278107
-0.159703	-0.00869156
0.00318773	0.0922773
6.84699	1.72883
-0.471886	-0.441026
-0.392342	-0.361353
0.0971186	0.0354777
-0.346677	-0.0115477
-0.0649304	0.221841
0.15021	-0.101615
5.22233	2.23101
-0.220165	0.568522
-0.0979702	-0.0147973
0.308038	-0.00627024
-0.162863	0.0568868
-0.0697147	-0.0737682
-0.00359634	-0.0167548
4.66245	-0.274979
0.340682	-0.317535
-0.0118578	0.241858
-0.219238	0.0127118
-0.343607	0.0333162
-0.166611	-0.148583
0.14349	-0.0531559
5.32	1.10948
0.467096	-0.0342066
-0.302264	0.567632
0.11178	0.0818943
-0.210178	-0.116449
-0.320303	0.0245834
0.00577549	-0.0691523
4.83631	0.696032
0.675361	-0.231908
0.237274	0.216033
0.169305	-0.074604
-0.256071	0.0748452
-0.232216	0.115524
-0.09426	0.00276624
4.72391	1.35999
-0.474743	0.21413
0.217973	0.0592482
0.115311	-0.403812
-0.411529	0.145812
-0.138903	-0.273027
-0.00875629	0.0536709
6.39463	1.1115
-0.697811	0.679996
0.357244	-0.0166307
-0.202313	-0.336766
0.00581469	-0.041303
-0.391122	-0.0240808
-0.0392974	-0.177935
6.44515	0.41286
-0.580391	0.714976
0.40679	-0.0563621
-0.294816	-0.107258
-0.556938	-0.0483439
-0.0317766	0.000401788
0.0471041	-0.00551776
5.77787	2.00808
0.0986516	-0.0307821
-0.392124	-0.437777
-0.300162	0.2024
-0.171627	-0.00303941
0.0684071	-0.142283
-0.0297155	-0.0206288
4.41987	1.88071
0.582389	0.524437
-0.222088	0.054073
-0.0574003	0.0385904
0.0179878	0.243449
-0.254617	-0.116202
0.0946363	0.0227132
4.86444	-0.0508241
-0.424866	-0.262465
0.00760946	-0.0127506
-0.215542	-0.00152731
-0.174748	0.156492
-0.199294	-0.0459403
-0.154548	0.0521825
3.81149	1.10358
-0.412232	-0.218709
-0.137427	-0.147213
0.0635976	-0.0612558
-0.18635	-0.149243
-0.220735	0.221412
0.0587358	0.021377
5.14824	2.11378
-0.54717	0.598986
0.204547	-0.429813
0.0544138	0.27779
-0.0794125	0.0707343
-0.100226	-0.100312
0.041254	0.0658612
3.25568	1.21397
-0.437739	-0.0499509
0.0943584	-0.0217712
-0.266777	-0.313446
-0.402724	0.0061592
-0.0268554	0.250315
0.0709951	-0.0484716
3.2639	1.33799
0.146725	0.34248
-0.404761	-0.179947
0.232124	0.0437561
-0.210805	-0.198004
-0.232154	-0.141573
0.0299009	-0.0328481
5.42604	2.0253
-0.892972	0.7586
-0.195886	0.0130879
0.34077	-0.0352262
-0.6566	-0.158252
0.0806126	-0.00148059
-0.157444	0.0857488
6.22723	1.41929
-0.863416	0.0176595
0.411979	0.00188849
-0.319529	-0.23053
-0.256225	0.266444
-0.131801	-0.0120875
0.0736168	0.122264
4.03245	1.45651
-0.582246	0.290126
0.37297	-0.050278
0.0742062	0.0617831
-0.0743375	0.144367
-0.0661413	-0.067003
0.0728138	0.0854987
2.99451	0.795693
-0.707796	-0.208832
-0.0324681	0.194334
-0.11622	-0.0287315
0.0763612	0.0845948
-0.124802	-0.0223855
2.32588	0.55531
-0.92131	-0.227794
-0.111122	0.0834466
-0.0167583	0.012903
-0.112157	0.0297488
-0.0370047	0.0172544
0.0210043	0.143636
2.6319	0.669712
-0.606677	-0.312
-0.044281	0.00899189
0.127414	0.0943133
0.201582	0.0308221
-0.156	0.0048491
8.22709e-05	-0.15526
4.89453	1.46293
-0.292087	0.0731143
0.48141	-0.128063
0.209254	-0.00692258
-0.466917	-0.117048
0.0156311	0.0409316
0.110733	0.080063
6.12998	1.87104
-0.155166	-0.122365
0.200609	0.0774667
0.305229	-0.301412
-0.257606	0.15122
-0.22457	-0.123235
-0.0168713	-0.0333135
5.91804	1.03675
-0.275709	0.615334
0.78872	-0.1799
-0.138373	0.104884
-0.410381	0.0348537
-0.103234	-0.171713
-0.0495872	-0.0878474
4.72278	0.429632
-0.929229	0.0685071
-0.182807	0.251279
0.0795967	0.133054
0.0416652	-0.25804
-0.35433	-0.0932691
-0.121917	-0.112522
4.97578	1.91456
0.307677	0.0927027
-0.222003	0.219882
0.0911774	0.0569157
-0.283457	0.179397
-0.244383	0.018611
0.141067	0.0236838
5.11279	-0.301769
-0.531751	-0.153498
-0.116979	0.0329409
-0.585121	-0.025675
-0.194605	0.309999
-0.0685704	-0.182156
0.12106	0.0657483
4.75472	-0.837567
-0.571067	-0.0241194
0.298608	0.233293
-0.168466	-0.0101097
-0.438753	0.0395536
-0.15769	-0.184118
-0.110229	0.0296643
6.51924	1.27447
-0.200294	-0.190575
0.042006	-0.213036
0.148649	-0.0347815
-0.580076	-0.12894
-0.210505	0.0147028
0.0818756	0.184661
5.8779	2.01235
-0.0487584	-0.27057
-0.0623326	-0.404311
0.283566	-0.0503908
-0.418837	-0.167217
-0.226047	0.0184538
0.0479552	0.140894
6.18475	1.89651
0.019618	-0.521542
-0.171334	-0.244607
-0.00248581	-0.122153
-0.276379	-0.123597
-0.334738	0.00629695
0.0621254	-0.108115
4.61344	1.95812
0.23856	-0.0529995
0.579029	0.387144
-0.0591719	-0.104115
-0.0742414	0.183832
-0.103802	-0.0129771
0.0339539	0.0797757
5.10571	-0.778132
-0.4066	-0.252995
-0.418205	0.234582
-0.111006	-0.148177
-0.024561	0.0673575
-0.394379	-0.176247
0.181011	-0.0479468
3.95768	1.35763
0.0454837	0.234327
-0.056613	-0.0488684
0.0402616	0.143026
-0.137442	-0.192654
-0.263836	0.00374638
-0.0632395	-0.15042
4.74671	1.8227
-0.562466	0.698142
0.35505	-0.215734
0.237676	0.286052
-0.360594	-0.110728
-0.0205287	0.021337
-0.0292103	-0.0537864
4.41101	1.80646
-0.268201	0.984827
0.593735	-0.336378
0.169226	0.425216
-0.411573	0.109584
-0.0522431	-0.070524
-0.152522	0.0966818
7.15886	0.795082
-0.879038	0.322225
0.466791	-0.14149
-0.187278	-0.405784
-0.0663222	0.0617272
-0.3715	-0.240309
0.0134111	0.00977866
3.56686	1.32139
-0.277666	0.242674
0.402132	-0.0124041
-0.147248	-0.0089477
-0.204193	0.0681582
-0.243241	0.0200922
0.0511537	0.0841949
4.47766	-0.294511
-0.355577	0.274949
0.016645	0.27112
0.064176	0.0496747
-0.440894	-0.0963876
-0.108219	-0.101133
-0.0226629	0.0676189
6.28919	1.87465
-0.506906	-0.00581611
-0.186608	-0.141086
0.383446	0.0380528
-0.176682	-0.140707
-0.0932833	-0.096716
-0.113205	0.0244528
5.00145	0.412597
-0.738225	-0.0226059
0.00993785	0.119914
0.164987	-0.187267
-0.539457	0.0619502
-0.0442967	-0.0828501
-0.0371164	-0.139178
4.92491	2.06681
-0.33665	0.596767
0.339084	-0.198824
0.231209	0.105184
-0.177878	-0.0317148
-0.0780944	-0.0751121
-0.0130078	-0.0614797
4.91048	1.42457
0.288501	0.896529
-0.184656	-0.325082
0.216792	0.152048
-0.276668	0.0423837
-0.313048	-0.0775443
-0.0545398	-0.124806
5.28839	1.62947
-0.279189	0.234512
0.370709	-0.429376
0.16142	0.218293
-0.251657	-0.0245573
-0.151406	-0.114032
0.0436256	-0.0950563
5.05086	1.69384
-0.868076	0.64005
0.325232	-0.232164
0.257706	0.361996
-0.22656	-0.170188
-0.265508	0.153011
0.144694	-0.00785942
6.26034	1.92054
-0.573625	-0.324357
-0.242079	-0.157043
-0.228002	0.229142
-0.0569518	-0.0982582
-0.159245	-0.0851195
-0.171595	-0.0972097
3.93248	2.01998
0.0742919	0.453388
0.241766	0.261572
-0.000630291	0.116236
0.110191	0.0998545
-0.0306792	-0.0750187
0.0596528	-0.0979665
4.02108	0.679539
-0.817845	-0.117814
-0.139571	0.528133
-0.199611	-0.0392056
-0.0814451	0.129058
-0.159133	-0.195384
-0.0267274	-0.0782703
5.9219	0.918902
0.0719128	0.283369
0.349861	0.225897
0.00398015	-0.183164
-0.47828	-0.17081
-0.0744156	0.0349461
-0.0635856	-0.12398
5.16255	-0.125256
-0.413737	-0.0131405
-0.0105385	0.214618
-0.049479	0.190783
0.0113397	0.285322
-0.0440367	0.000220881
-0.0415685	0.0290438
5.46641	1.95346
0.122356	-0.58711
-0.169646	-0.146021
0.0221132	0.0663186
-0.518815	-0.0154102
-0.0854861	0.0149672
0.0514734	0.181371
4.97944	1.77682
0.0956118	0.0553763
0.121105	0.107009
-0.0792747	0.0370313
-0.242491	0.0536363
-0.24103	0.100507
0.0267996	0.143406
4.96024	-1.16937
-0.0814462	-0.24777
-0.274179	0.208402
-0.0800869	0.0652474
-0.200852	-0.0405621
0.0225005	-0.149035
0.00904409	0.0289442
5.95795	1.83118
-0.298513	-0.345362
-0.260436	-0.54488
0.11372	0.134796
-0.294488	0.0360581
-0.311478	-0.0911145
-0.223218	0.0359251
4.0338	1.53977
-0.0482353	0.200035
-0.0214933	0.019638
-0.0796653	0.0533527
-0.180523	0.0211793
-0.0911937	0.067897
0.035065	0.0554756
4.18643	1.92217
0.513389	0.438561
0.120572	-0.623494
-0.0620218	-0.0288339
-0.274102	-0.0890982
-0.00435904	0.00948424
-0.0338381	-0.0965147
4.21387	1.96337
-0.174571	0.433944
0.230053	-0.277666
0.00651959	0.207019
-0.0705534	0.0193351
-0.027052	-0.0754471
-0.1585	0.0211072
5.3141	1.27963
0.0097174	-0.0145044
0.238932	0.11586
-0.238577	-0.244448
-0.314974	-0.147584
0.205827	-0.119026
-0.128356	0.0825143
6.05532	1.42237
-0.795233	0.204281
0.190379	0.0147609
-0.301075	-0.1265
-0.538324	0.125821
-0.0439886	-0.00140914
-0.0694585	0.186127
4.98017	1.39535
-0.210547	0.280674
0.233262	-0.103307
-0.00883121	-0.321185
-0.417079	0.186856
-0.00779457	-0.0520963
-0.053285	0.124726
3.9206	0.830883
-0.497233	0.123592
-0.0256368	0.145591
0.0409422	-0.0628159
-0.164084	-0.0314483
-0.0500525	0.0406166
-0.0485435	0.0650549
4.02216	-0.436388
-0.43394	-0.162223
-0.0581262	-0.00748741
3.23722	0.931918
-0.771641	-0.237632
-0.157092	0.092811
-0.199564	0.159222
-0.087905	0.0231797
0.0969455	0.00119461
-0.123404	-0.13048
3.24264	0.768992
-0.748096	-0.146417
-0.360788	0.0519825
-0.0519509	0.100486
-0.0396918	-0.0463504
0.0308094	-0.114748
-0.136201	-0.0875246
5.45447	2.26797
0.104504	-0.0862376
0.438561	-0.282694
0.186728	0.325279
-0.196062	-0.026535
-0.187549	-0.146892
-0.0442511	-0.0950894
5.70747	2.64333
-0.607878	-0.473185
0.0221385	-0.124935
-0.0719225	0.00642157
-0.0184856	-0.222536
-0.210346	0.173019
0.115525	0.0342571
5.42027	2.53932
-0.240219	-0.364909
0.036306	-0.0226938
0.140724	0.109247
-0.165256	-0.152943
-0.171576	0.0331231
0.0610662	-0.00427542
4.66165	0.230078
-0.619683	0.328285
-0.0332015	0.28195
0.0183988	-0.0517989
0.00900434	0.185027
-0.0852404	-0.0186274
0.115973	-0.0386033
5.92456	1.91332
0.209717	-0.155716
-0.258769	-0.402758
-0.0355107	0.181513
-0.315364	-0.0483469
-0.135785	-0.126624
0.0460819	0.10618
6.96163	1.1895
-0.446826	-0.0832204
0.105734	0.0880564
-0.23619	-0.33065
0.225489	-0.121968
-0.299183	0.0221648
-0.104823	-0.0698103
4.62417	2.0608
-0.00642912	0.443176
0.333373	0.0222181
-0.0660574	0.213332
-0.111781	0.00400224
-0.0617397	0.00318317
-0.125044	0.00782095
4.99717	-0.426053
-0.429404	-0.21182
0.117096	0.0584027
-0.0251617	-0.111334
-0.353298	0.189304
0.216651	-0.209646
-0.00158243	0.0314065
3.36893	0.416135
-0.660291	-0.180648
-0.115874	0.223026
-0.124715	-0.0302557
-0.285291	0.0512934
-0.269177	-0.0990443
-0.00783509	-0.19105
6.31333	1.18873
-0.627561	0.469662
0.303008	0.393558
0.0499456	-0.179189
-0.509828	0.0938424
0.0958394	0.0103486
0.0186058	0.0722766
7.40097	1.21746
-0.725141	-0.254307
-0.359166	-0.325545
0.128039	-0.101179
-0.473902	-0.0652853
-0.143956	0.00114679
0.23159	-0.0116367
5.76638	1.64331
-0.231331	0.549048
0.020614	0.336194
0.236491	-0.0474643
-0.398051	-0.0339316
0.131552	-0.0309429
0.0491561	0.160965
4.96654	0.849233
-0.405411	-0.135024
-0.383467	-0.292974
-0.203244	0.218647
-0.314756	-0.232333
0.00103306	-0.0403478
0.000391111	0.0703825
4.68098	1.96818
0.0624887	0.200132
0.0486314	0.172918
-0.137674	0.166371
0.16392	-0.138334
-0.110895	0.0914123
-0.061295	-0.0240028
4.96263	0.993763
-0.61991	-0.0263893
-0.26857	-0.119362
0.153075	-0.24747
-0.219624	-0.0579748
-0.375327	0.0900189
-0.0408833	-0.0420383
5.27726	2.02616
-0.846369	0.338444
-0.00330596	-0.226829
-0.0237375	0.271542
-0.186605	-0.00360333
-0.2757	0.0652104
0.142278	0.0466681
7.12284	1.47595
-0.796933	-0.306402
-0.371923	-0.191375
0.0841991	-0.25876
-0.430615	0.0267778
-0.102768	0.174397
-0.0231921	-0.108908
3.65743	1.60555
-0.682682	-0.365954
-0.375592	-0.0370368
-0.153447	-0.101477
0.097198	0.132945
-0.348888	-0.0792364
-0.0156816	-0.0831915
6.47872	0.104322
-0.228216	0.87333
0.776145	-0.348882
0.256504	0.113877
-0.104159	-0.350521
-0.11855	-0.13101
-0.0894643	-0.0433538
3.54663	1.42779
-0.0333839	0.383866
0.415024	0.149572
0.230259	0.224914
-0.217467	-0.100187
0.0419724	-0.023776
-0.0647852	-0.059122
6.22138	1.65727
-0.79102	-0.0313392
0.199094	-0.246818
0.0219459	-0.0936411
-0.444857	-0.122847
-0.168293	0.0319212
-0.176903	0.1037
3.49955	1.60977
-0.796958	0.17499
0.0615181	-0.224461
-0.132385	0.0515854
-0.232259	0.0215624
-0.150243	0.133903
-0.0600317	0.0545673
3.65589	0.950304
-0.635908	-0.301183
-0.0685041	-0.0131359
-0.0495606	-0.115866
-0.0759698	-0.0355479
-0.170231	0.0986344
-0.219919	-0.0636413
4.69016	1.81221
-0.49623	0.607127
0.197277	-0.136376
0.337736	0.161094
-0.0593979	-0.117805
-0.165106	-0.14137
-0.0481689	-0.0389358
4.58281	1.93363
-0.627012	0.741953
0.378724	-0.167012
0.234463	0.53688
-0.229536	-0.239176
-0.0657863	0.0559835
0.0958481	0.145802
6.12341	2.16797
-0.745823	-0.139557
-0.105099	-0.260042
0.0463256	-0.0293237
-0.519639	-0.179943
-0.148679	-0.18852
0.0960536	0.0266118
6.39	1.60725
-0.678505	0.426282
-0.444598	-0.0537683
0.0171972	0.149274
-0.50008	-0.11462
-0.221579	-0.123456
0.0737139	-0.0150401
4.76054	1.04322
0.169755	-0.0388782
-0.047728	0.12154
-0.28112	0.122365
-0.0969522	0.0957303
-0.0088178	0.0852261
-0.0303006	-0.123664
4.58546	-0.298538
-0.431974	-0.196868
-0.176656	-0.162523
0.213984	-0.0416143
-0.402279	0.0649109
0.0551767	0.0260338
0.0958849	0.0695192
5.59758	1.96368
-0.0325363	0.323351
0.246065	0.206394
0.0240594	0.0451751
-0.228714	-0.0728073
0.0625261	0.0261827
0.145829	0.0789771
5.67355	1.98244
-0.562211	-0.0644794
-0.499854	-0.234179
0.0211773	0.0876037
-0.330971	0.013783
0.0860147	0.0391705
0.167763	-0.0172625
6.06896	1.93271
-0.934749	-0.365103
-0.0507856	0.0127725
0.000356239	-0.124953
-0.162583	0.130933
-0.124509	0.0849119
-0.0954516	-0.0203232
4.07583	1.7326
-0.65842	0.359582
0.064459	0.0732927
-0.0370013	0.192921
-0.186843	-0.138665
-0.106844	0.0190426
0.017143	0.0516016
3.34595	1.35857
-0.349435	0.0703635
0.263556	0.18937
-0.0816409	0.139006
0.137786	0.0809133
-0.175664	0.00647958
0.194261	0.103939
3.00126	0.720475
-0.747314	-0.24103
0.050522	0.0581352
-0.131378	-0.0204963
-0.118543	-0.0122047
0.0867777	0.0704659
2.40708	0.611389
-0.704721	-0.231814
-0.0205899	0.104396
-0.115881	0.00978124
0.156325	0.224826
-0.0301468	0.100663
-0.0704646	-0.0604386
2.5794	0.516114
-0.69503	-0.29578
0.159985	0.326225
-0.125602	-0.252352
-0.421777	0.0425625
-0.123732	-0.0520265
-0.00862514	-0.0138279
5.16883	1.7542
-0.359902	0.802426
-0.103734	-0.341963
0.135474	0.259791
-0.0553076	-0.0102428
-0.0586041	0.0371364
-0.0632569	-0.152215
4.92142	1.6345
-0.254782	0.715733
-0.123431	-0.137769
-0.0374288	0.0805246
-0.266088	0.156349
0.0960668	-0.0218957
-0.34433	-0.0521274
4.94441	1.29766
0.325653	-0.0144515
0.413197	0.22343
0.0456178	0.160648
-0.392232	0.231775
-0.200053	0.0767638
-0.0596844	-0.125933
4.80946	-0.305994
-0.507618	-0.224748
-0.0350256	-0.252639
-0.0710602	-0.126482
-0.332556	-0.0530292
0.0278618	0.131883
0.014065	0.0438779
7.45013	0.857469
-0.853887	0.0985699
0.218839	-0.1747
-0.220662	-0.155798
-0.295067	-0.141517
-0.0894123	0.022812
-0.272	0.101805
4.48905	1.37934
-0.106058	0.307909
0.317757	0.086511
0.0346778	-0.0362103
-0.178004	0.0554564
-0.00747751	-0.106561
-0.156598	-0.0840031
5.63181	0.924494
-0.59218	-0.141172
-0.0446509	-0.162728
0.0246942	-0.241032
-0.458059	-0.0793409
-0.0237878	-0.0557275
0.168076	0.131991
6.66405	1.51651
-0.7027	-0.19416
-0.264463	-0.205709
0.0477654	0.0416245
-0.524672	-0.231663
-0.0772313	-0.01046
-0.0672105	-0.0202533
3.33525	1.5877
-0.343789	-0.0399821
-0.364672	-0.126635
-0.170495	-0.0645522
-0.33786	0.181204
0.0263512	0.0167095
0.0422227	-0.0592311
4.25074	1.76689
-0.417996	0.446168
-0.0381776	-0.270527
0.288775	-0.100661
-0.154149	0.0553202
-0.279238	-0.281746
-0.18339	-0.0599591
5.26657	1.79422
-0.0347437	-0.0740581
0.124335	-0.354148
0.434086	0.181853
-0.185689	-0.0727685
-0.203182	-0.189499
0.018215	-0.0235117
4.81068	1.91172
-0.617084	0.396946
-0.116067	-0.18982
0.0548444	0.251901
-0.230852	-0.242177
-0.154618	0.211748
0.029741	0.0489531
4.86915	2.15834
-0.0177416	0.169136
0.430031	0.349601
-0.110569	0.0122822
-0.287614	0.197133
-0.146027	-0.121432
-0.0957664	0.171816
4.64852	-0.953781
-0.35591	0.00325135
0.180882	-0.198019
-0.250199	-0.0198422
-0.195033	0.453096
-0.0675894	-0.0584761
-0.272589	0.0737988
5.75598	1.80291
-0.598827	-0.0459988
0.11124	-0.272196
0.281016	-0.117412
-0.56558	-0.0743467
-0.0642701	0.0424257
0.0722149	0.139356
6.29575	1.95396
-0.609944	-0.343669
-0.182428	-0.353156
0.0686825	0.0392846
-0.226856	-0.128165
-0.0472961	-0.0195122
0.0123445	0.112415
5.401	1.25615
-0.489222	0.337402
-0.164373	-0.212507
0.114956	0.159809
0.0521931	-0.142381
-0.257248	-0.252669
-0.0799036	0.0775945
4.97243	1.86398
-0.300824	0.33069
-0.133893	-0.08547
0.0647607	-0.0581488
-0.339464	-0.231835
-0.140241	-0.094205
-0.00582802	-0.0132252
4.82905	-0.259646
-0.281858	0.804683
0.491452	0.156463
-0.227094	0.0617204
-0.0523057	0.0536512
-0.255846	-0.0715229
0.138622	-0.165067
5.46508	0.717189
-0.321294	0.800286
0.135558	0.1788
-0.441986	-0.256468
-0.16706	0.157135
-0.128014	-0.13483
0.114041	0.0537351
5.89835	1.05029
-0.588004	0.50679
0.229985	0.0336545
-0.0984352	-0.164634
-0.176248	0.297141
-0.0956097	-0.101424
-0.0639204	-0.0251567
2.94849	0.836108
-0.678674	-0.211528
-0.0186939	0.0955853
0.0405799	0.0339154
-0.0336244	0.0419476
-0.0173838	-0.00659691
-0.145739	-0.0346549
2.62586	0.59894
-0.739272	-0.151738
2.53566	0.787262
-0.602852	-0.302399
-0.169262	-0.00832191
-0.145569	0.188407
-0.109879	0.038429
-0.237476	0.048109
-0.0496329	-0.0627436
2.97551	0.702423
-0.88516	-0.274182
0.00986756	0.0253927
0.0568729	0.0870726
-0.147469	0.0673584
-0.195911	-0.134988
-0.0336873	0.216672
4.3607	1.4137
-0.365319	0.164277
0.366658	0.00842159
-0.0488877	-0.28316
-0.412831	0.120147
-0.284644	-0.173454
-0.0965056	0.150114
4.97224	-0.530343
-0.220637	-0.264254
-0.24617	0.327928
-0.14198	0.0226435
-0.0938751	-0.0101048
0.0614181	-0.028936
-0.149948	-0.00241336
6.02033	1.378
-0.304573	0.355658
-0.0878768	0.250681
0.169056	-0.294215
-0.227233	-0.0452396
0.0222992	0.00107069
-0.113293	-0.241105
4.60873	2.03363
-0.122776	0.507583
0.0896522	-0.0137012
0.179279	-0.0833548
-0.107028	0.0989747
-0.295104	-0.0457003
0.090787	-0.0641557
5.31363	0.862451
-0.652004	1.0225
0.311614	0.191224
0.016709	-0.248866
-0.149335	-0.143113
0.0569167	-0.0864867
-0.0848391	-0.105932
6.72727	1.58007
-0.379445	-0.134545
-0.180576	0.046614
-0.322214	0.303972
-0.220695	-0.34313
-0.233932	-0.113007
-0.052657	-0.0869752
3.69026	1.73849
-0.19586	0.114445
0.0874671	0.186288
-0.0302067	0.151758
-0.254961	0.0849309
-0.174143	0.118067
-0.136928	-0.0836199
5.89282	1.50439
-0.107979	-0.0441137
0.654117	-0.367225
-0.219407	0.100695
-0.182005	-0.123015
0.0275439	-0.131975
-0.170897	0.050147
4.73423	1.83829
-0.0253044	0.673641
0.378316	-0.2297
0.0464506	0.270904
-0.257214	-0.0542961
-0.0419547	-0.122042
-0.156999	-0.164994
5.24399	0.20887
-0.507552	0.307211
0.61273	0.0238608
-0.330923	-0.170918
-0.313221	0.0601438
-0.0131231	-0.0559129
-0.212846	-0.0401065
4.66275	1.96166
-0.353753	0.350163
0.568633	-0.336494
0.172613	0.305815
-0.303036	-0.290863
-0.125324	-0.0431089
-0.00832288	0.0518817
5.55655	2.08941
-0.431577	-0.446878
0.219163	-0.0385339
-0.100351	-0.0446352
-0.537015	0.0799465
-0.0981829	-0.0631279
-0.0624709	0.0135848
6.22418	0.803808
-0.145756	0.714687
0.374328	-0.0475131
-0.111445	-0.0891247
-0.074498	-0.0865092
-0.333482	0.0928194
-0.169942	-0.151687
6.52669	-0.0492386
-0.23552	0.816676
0.295683	-0.0191351
-0.236921	-0.338386
-0.16499	0.096965
-0.200008	-0.124508
-0.00694915	0.0620025
6.47652	1.62078
-0.683066	-0.190396
0.243556	-0.163112
0.132451	0.170846
-0.0604225	-0.138431
-0.152826	-0.0707194
-0.0834222	-0.0526179
3.93004	1.72476
-0.012162	0.511321
0.437789	0.21866
0.0730191	0.215054
0.0392274	0.00612418
-0.115727	-0.0828062
0.0744844	-0.0235274
3.09695	0.830502
-0.767735	-0.331425
0.101347	0.160346
0.21594	0.0360177
-0.235425	-0.0746221
-0.00451067	0.0663538
0.103557	0.141222
6.97705	1.57363
-0.822621	-0.162354
-0.300466	-0.181352
0.129543	-0.212619
-0.34895	0.00183152
0.0137686	-0.121443
0.0973237	0.134383
3.39566	1.09034
-0.623328	-0.0801344
-0.136195	0.062454
-0.263791	-0.0109905
-0.244799	0.167116
-0.049236	0.0115917
0.0862078	-0.0723816
4.38842	-0.221102
-0.83138	0.0833003
-0.134101	-0.0740723
-0.055299	0.0979359
-0.182811	0.0862341
0.091223	-0.0422404
0.0215448	0.0716363
4.31475	1.33156
0.0676836	0.501381
-0.562414	-0.132253
0.0159886	0.024872
-0.210367	-0.111689
-0.138968	-0.173063
0.134212	-0.0293513
5.10176	-0.354405
-0.018717	-0.232292
0.0533691	0.232368
-0.468637	-0.0187998
-0.352335	0.301267
-0.360831	-0.165487
0.0337028	0.0689329
4.61455	-0.36934
-0.374926	0.496543
0.519405	0.185102
-0.315755	-0.0409718
-0.269357	-0.0542518
-0.242833	-0.205962
0.0902744	-0.0599491
5.74061	1.40832
-0.701044	0.567278
0.311841	0.292476
-0.13074	0.16007
0.0378242	0.0109261
-0.213797	-0.214037
-0.0299805	0.0287658
3.73862	1.54342
0.0108433	0.335151
0.301592	0.502581
-0.0563179	0.00591488
-0.343205	-0.191261
-0.0306964	-0.0918102
-0.123446	0.00574815
5.34079	1.78362
-0.37211	0.362763
0.126347	-0.0472105
0.0109067	0.107143
-0.388708	-0.131654
-0.00475576	0.141349
0.120309	0.128453
5.43669	1.67679
-0.13403	-0.331401
-0.108645	-0.0371987
0.230954	-0.0443365
-0.405378	0.137488
0.00979731	0.159672
0.0790759	-0.0249114
3.98949	1.53121
-0.366681	0.256007
0.121542	0.231379
-0.12674	-0.0435791
-0.0627251	0.138402
-0.117217	-0.043542
-0.00531187	-0.155356
4.47324	-1.07584
-0.16742	-0.229582
-0.107401	-0.0189716
-0.132067	0.00690975
-0.210465	0.17172
-0.11931	-0.101384
0.17636	0.0195331
4.10077	-0.532668
0.0362628	-0.594401
-0.073385	0.0234253
-0.116374	0.00896315
-0.0158996	0.0680608
-0.134513	-0.00962523
-0.0822009	0.0145222
3.10238	0.637609
-0.698613	-0.283256
0.0673248	0.174929
2.54291	0.698293
-0.723171	-0.182691
-0.137919	0.106065
-0.0341428	0.081989
-0.0110774	0.2251
-0.0720178	-0.0112605
-0.0583499	0.0564674
2.9289	0.467549
-0.969719	-0.358894
-0.18103	0.0621395
-0.0846836	0.0423556
0.0707391	0.10765
-0.0343964	0.13531
-0.0368094	0.0842742
3.09878	0.344009
-1.01519	-0.175118
-0.122875	-0.0373844
0.0193904	0.0220345
0.00317894	-0.0378227
-0.165091	-0.0681333
-0.136351	0.0946917
3.5843	0.52568
-0.354652	0.0614232
0.0438914	0.209806
-0.0613449	0.0462128
-0.10794	-0.200733
-0.250079	0.183873
-0.326547	-0.0477512
6.21502	0.12343
0.354565	0.925002
0.250765	0.141266
-0.0921507	0.126777
-0.278333	-0.0284238
-0.172014	-0.00820299
-0.0826328	0.01668
3.38008	0.979301
-0.623846	0.0601822
0.337809	0.225208
-0.0282569	0.109662
-0.112473	0.083707
-0.219912	0.0625161
-0.163975	-0.0114245
6.74642	0.604807
-0.362536	0.522539
0.422482	-0.296288
-0.314278	-0.246754
-0.259617	0.156886
-0.176184	-0.110123
0.125102	0.010561
6.52337	1.0029
-0.219867	0.912411
-0.0319965	-0.531144
0.196883	0.0592438
-0.222785	-0.116575
-0.0759804	-0.100187
-0.150399	-0.0110542
4.82416	1.83943
-0.0123822	0.772258
0.197964	-0.118576
-0.0736989	-0.109745
-0.181348	-0.0718935
-0.320113	-0.101318
-0.00514681	0.0600277
6.26927	1.27551
-0.512257	-0.0970965
0.246026	-0.0788184
-0.0511334	-0.345441
-0.508658	0.154696
-0.00944954	0.0257599
0.0133108	0.0361013
4.72955	0.975
-0.311596	0.161468
0.164195	-0.218783
-0.0684196	-0.288069
-0.0870858	0.164222
-0.168374	-0.0411978
-0.0149751	0.0227434
4.35387	1.02888
-0.527522	0.0087837
-0.234691	-0.209338
0.121104	-0.297917
-0.517056	0.0574448
0.0167616	-0.0224976
0.0998776	0.0600633
4.6074	2.01871
-0.196826	0.353639
0.22567	-0.104182
0.265316	0.329351
-0.457392	-0.191276
0.0235205	-0.0143118
-0.0261916	-0.00590784
5.12943	1.96193
-0.867563	0.521694
0.465751	-0.140486
0.25843	0.249752
-0.336931	-0.138564
-0.125974	0.0256379
-0.0298853	0.0027104
6.19937	1.15897
-0.376335	0.77958
0.236067	-0.0814717
0.0911632	-0.107508
0.121248	-0.0869908
-0.323945	0.114048
0.106739	-0.110548
4.03409	1.16589
0.243998	0.23351
0.270358	0.090925
0.211068	-0.0771979
-0.0992505	0.215615
-0.116911	-0.0160087
0.0816077	0.0752072
4.56408	1.1929
-0.102105	-0.159553
-0.0175308	-0.123415
0.153492	0.0670556
-0.389255	-0.192509
-0.0926709	-0.162844
-0.0589719	0.167362
6.61947	1.55181
-0.766935	0.470065
-0.57531	-0.438325
0.171979	-0.0242881
-0.161039	-0.24076
-0.0978653	-0.0133908
0.026486	0.0885219
5.99015	2.21808
-0.472506	-0.0221527
-0.247517	0.331394
-0.196672	-0.089712
0.271799	0.128526
-0.288654	-0.0235851
0.0103153	-0.0116477
4.88469	-0.481092
-0.474851	-0.443078
0.174481	-0.150438
0.135662	0.105282
-0.176611	-0.127362
-0.0673115	0.152323
0.117676	-0.0176304
5.86311	2.29694
-0.528414	-0.215283
-0.133402	-0.223875
0.210349	0.385895
-0.0486601	-0.0817056
-0.153377	-0.149094
-0.0798329	-0.0382157
4.47951	2.03705
-0.174973	0.337622
0.274146	0.0503039
0.10574	0.273765
-0.138487	-0.278744
-0.132968	-0.066244
-0.0755078	0.0336136
5.68516	0.0357623
-0.45188	-0.13584
0.0981465	0.131721
-0.13463	0.132486
-0.531564	-0.0945894
0.114478	-0.0803464
-0.132746	0.0895055
6.42863	1.2785
-0.724804	0.23248
0.140708	-0.0396513
-0.33151	-0.129036
-0.29211	0.287439
-0.0776837	-0.180862
0.126692	0.136605
5.54558	1.65505
-0.709214	0.307218
0.218057	0.184726
0.125508	0.303862
-0.16577	-0.231707
-0.0359286	0.0110232
-0.0746226	-0.0790413
4.14713	1.93092
-0.29279	0.461142
-0.176472	-0.00333495
-0.0188142	0.103214
-0.236652	-0.0502801
-0.0734067	-0.0402346
-0.127252	0.0893947
4.32675	0.758396
0.156814	0.443286
0.19649	-0.0964201
-0.110846	-0.0247534
-0.21375	-0.0387886
-0.300246	-0.0734637
-0.0237194	0.0586954
4.51707	-0.386727
-0.0196728	-0.160196
0.332986	-0.0163855
-0.0659547	0.0696802
-0.246629	0.103229
-0.169064	-0.116915
-0.136035	0.00209026
4.29055	-0.0450693
-0.0255492	-0.284431
0.0454738	0.11182
-0.131795	-0.0440149
-0.237921	-0.108543
-0.0780698	-0.221596
-0.108197	-0.0200967
3.10817	0.836477
-0.707128	-0.209468
0.0875969	0.133664
-0.0433309	0.0941482
-0.023853	0.0883524
-0.221294	-0.0783602
-0.124176	-0.0279302
2.76887	0.717225
-0.685132	-0.189042
0.0127464	-0.135425
-0.101518	0.0536749
-0.0371271	0.182398
-0.101546	-0.169581
0.0640964	0.0642059
3.05	0.775329
-0.507237	-0.331227
0.0557142	-0.125702
-0.0773586	0.0311957
-0.0598231	0.0776337
-0.228535	0.0279453
0.135519	-0.024117
4.33716	-0.460036
-0.218932	0.0652271
0.48678	0.139812
-0.1379	0.0334393
-0.172087	0.025188
-0.304433	-0.129488
-0.000297067	-0.16544
5.01726	0.538265
0.00603644	0.577272
0.248099	0.110854
0.0221598	-0.0932039
0.0043842	0.247537
-0.237416	0.0928404
0.057042	0.0379801
4.80963	-0.421732
-0.557558	-0.366329
0.0801068	-0.0756022
-0.00867057	-0.227711
-0.242994	0.301616
0.00526105	-0.00410255
0.047902	0.0259213
7.00761	1.59714
-0.877232	-0.345869
-0.225112	-0.11854
0.0472075	-0.112562
-0.303317	0.082949
0.0122112	0.147552
0.102415	-0.0593741
7.31908	1.29951
-1.11169	-0.20998
0.135673	-0.0722394
-0.128279	-0.257212
-0.188806	0.141115
-0.23437	0.106892
-0.148928	-0.0629549
5.20955	1.69366
-0.257337	0.3106
0.307708	0.134184
-0.241271	0.048788
-0.104979	-0.199599
-0.196537	0.0624482
-0.032087	-0.0399766
3.5445	1.4498
-0.12098	-0.1348
-0.0789034	0.112235
-0.0932625	-3.01386e-05
-0.250984	0.265746
-0.12565	0.0261375
0.127132	-0.154012
4.52328	-0.812813
-0.550636	-0.198189
-0.00706471	0.233583
0.0299636	-0.130586
-0.180712	-0.239801
-0.15954	-0.130099
-0.0135427	0.145303
2.92164	0.622606
-0.966508	-0.138831
-0.0884457	0.0390455
-0.0997148	0.0615862
-0.0159109	0.0777201
-0.0691674	-0.0974939
-0.0642791	0.120118
5.02175	2.12609
-0.197071	0.487498
0.160272	-0.396243
0.0442842	0.0484737
-0.147186	-0.0433837
-0.0849223	0.00712989
-0.00556869	-0.193433
4.76739	1.97701
-0.555714	0.624984
0.206093	-0.377817
0.338762	0.316869
-0.157126	-0.0597823
-0.0431649	-0.0446573
-0.0752571	-0.024456
4.58813	2.12953
-0.833471	0.430442
0.318748	-0.0911825
-0.143496	0.218908
-0.440317	-0.106215
-0.0595022	-0.085081
0.0262448	0.0266292
6.71491	0.877469
-0.72397	0.340654
0.263417	-0.14117
-0.245539	-0.292677
-0.173468	0.204305
-0.227741	-0.0985537
0.0978097	-0.00136185
5.39042	1.94897
-0.29763	0.080631
0.213976	0.226349
-0.0305336	-0.437086
-0.0756816	0.170544
-0.17902	0.00494705
0.0120947	0.163806
4.48411	-0.399994
-0.27426	-0.294565
0.138695	-0.0292105
-0.196837	-0.0161596
-0.239567	-0.0280557
-0.233197	0.141739
0.10126	-0.0424611
3.34485	0.637559
-0.746217	-0.278785
0.0641601	0.0509875
-0.18631	-0.198726
-0.157039	0.0873584
-0.229926	0.143095
-0.232062	0.0762904
2.7721	0.697151
-0.855968	-0.269681
0.126163	-0.150225
0.195803	0.174269
-0.207959	0.176963
-0.105714	-0.0557296
-0.0846216	-0.0685209
5.46444	1.80381
0.11784	0.218859
-0.0800173	-0.0876608
0.00715087	0.0799495
-0.00539428	0.0742189
0.02557	-0.106231
0.00942584	-0.0300665
4.31278	1.64581
0.312806	0.269794
-0.265076	-0.097266
0.0335845	0.26778
-0.439653	0.0855549
-0.161172	-0.196199
-0.0442024	-0.0928224
6.04909	0.416275
-0.1627	0.529729
0.523996	0.0986734
-0.0539747	0.0638012
-0.021652	-0.0439622
-0.112275	0.0398999
-0.0567799	0.0377469
3.37438	1.57744
-0.139017	0.350652
0.0710379	0.198681
0.0385336	0.10209
0.0645728	0.00358011
-0.347548	0.0415473
-0.0387396	-0.133599
6.07683	0.234678
-0.195826	0.981611
0.42213	-0.0209701
-0.0965667	-0.0113314
-0.128549	-0.21955
-0.213633	0.140872
-0.287886	-0.0848606
6.05601	0.0305842
-0.125381	0.973009
0.269015	0.0250628
-0.23372	-0.0875171
-0.0977279	-0.0174563
-0.39931	0.0270118
0.114396	-0.0295403
5.8871	1.3301
-0.58684	0.0983123
-0.101269	0.016678
-0.026106	-0.37623
-0.378209	0.309543
0.0265639	0.0512334
0.0962008	-0.00724033
4.24964	1.53068
-0.398238	0.0496351
-0.032448	0.190989
-0.298955	-0.110801
-0.222174	0.0275236
-0.128544	0.135791
-0.125046	0.0227901
3.98759	-0.334408
-0.446634	-0.307698
-0.00141975	-0.0912993
-0.208446	-0.0912352
-0.231852	0.212748
-0.105046	0.0448222
-0.0148474	-0.0437326
3.45179	-0.193205
-0.422704	-0.710785
-0.217567	0.0341369
-0.177557	0.125502
-0.049983	0.362161
-0.0672071	0.0937308
-0.0828524	-0.153625
2.96463	0.642739
-0.675565	-0.169898
2.93036	0.553884
-1.10195	-0.171023
0.0254792	-0.0243815
-0.121687	0.0646726
-0.271165	-0.0941035
-0.0149943	-0.0383301
-0.0730478	0.00939938
5.08274	-0.171923
-0.621941	0.467239
0.462741	0.202553
-0.390091	0.000429603
-0.437224	0.144589
-0.284648	-0.207296
0.022172	-0.0135181
6.83058	0.631635
-0.37827	0.69566
0.277666	-0.251654
-0.283496	-0.224339
-0.0779203	0.0907456
-0.258722	-0.0698534
0.0947278	0.0742719
6.6754	1.38203
-0.613302	0.11882
0.497303	-0.37697
-0.110042	0.163922
-0.0994864	-0.067058
0.00222972	-0.112342
-0.125317	-0.000292428
4.87431	2.23109
-0.165409	0.0351053
0.74148	-0.17618
-0.349938	-0.179751
-0.324344	-0.0922775
0.0570318	0.0857321
-0.0128984	0.00695957
6.38301	1.83751
-0.958871	-0.0825655
-0.172279	0.0124024
-0.162459	-0.0346761
-0.33449	-0.0188442
-0.0356003	0.233908
0.036723	-0.109385
5.06198	2.02924
-0.274199	0.373368
0.12127	-0.108796
-0.0524791	0.0614234
-0.189685	0.0361939
-0.143995	-0.0628122
-0.0407155	-0.036459
4.24473	-0.00997538
-0.276267	-0.0955526
-0.1061	-0.0669082
-0.191251	-0.11449
-0.20756	0.231781
-0.135434	-0.105915
0.00630323	0.0949033
5.35819	1.39551
-0.621154	-0.189141
-0.291784	-0.16591
0.0933938	-0.129551
-0.411	0.0605371
0.0115877	0.0862735
0.180059	0.0979319
6.90264	1.51341
-0.420941	-0.210126
-0.345972	-0.214628
0.070618	0.272618
-0.221341	0.0904855
-0.00136798	0.0550037
0.231008	0.010337
4.15113	0.719978
-0.378019	0.0325135
-0.298057	-0.186354
-0.0592125	0.202396
-0.429326	-0.0662308
-0.105552	0.172286
0.12072	0.0958562
6.40025	1.9106
-0.509641	0.0163371
0.0263457	0.282777
0.138392	0.0204206
-0.248563	-0.112256
-0.0321725	-0.150303
-0.0880627	0.0889241
4.53877	-0.328116
0.388592	0.118585
-0.147514	0.519826
-0.0429634	0.145807
-0.230923	-0.175599
-0.0689114	-0.224709
0.0443489	-0.00977867
6.11656	1.53252
-0.498902	0.307116
0.115575	-0.252099
0.185214	0.252935
-0.317592	-0.195498
-0.186931	-0.0387337
0.0504289	0.0672052
6.43115	1.72101
-0.507495	-0.314223
-0.330984	-0.192357
0.0399221	-0.0265506
-0.0745559	-0.166603
-0.257163	-0.00177204
0.0711166	-0.0579588
4.59615	1.81648
-0.137328	0.815996
0.205544	-0.159798
0.0812386	0.0502707
-0.0996874	-0.0725299
-0.142513	0.00827743
0.0180884	-0.0404554
4.27972	1.15826
0.134876	0.0453975
-0.205434	-0.283321
0.281015	0.0396585
-0.397391	-0.0992412
-0.280168	-0.254637
-0.024866	0.0242793
3.47832	1.30222
-0.379264	0.21394
0.00352366	0.209409
-0.226786	-0.0414381
-0.175551	-0.0592608
-0.13202	0.0539311
0.275338	0.103438
6.44038	1.52912
-0.254705	-0.233378
-0.326051	-0.362426
0.0294396	0.103563
-0.36281	-0.0995369
-0.130559	-0.168825
0.0500531	0.132539
5.76364	2.04145
-0.517715	0.171155
-0.199497	-0.0599326
0.259042	0.162133
-0.291811	-0.248298
-0.080837	-0.073025
0.036762	-0.0264336
4.11984	0.958817
-0.0902933	0.39371
0.209748	-0.172287
-0.0426899	-0.00423707
-0.101042	-0.0245734
-0.317691	0.0568773
-0.233905	-0.137738
5.7608	0.234021
-0.233547	1.23248
0.317236	-0.194738
0.116598	0.0832309
-0.220737	0.0223819
-0.229103	0.0741515
-0.107426	-0.197582
6.17906	0.468845
-0.55226	0.653804
0.379086	-0.187001
-0.276158	-0.17353
-0.465797	0.176113
0.134202	0.0968096
-0.0426613	-0.0338792
4.64443	1.86804
-0.3625	-0.356781
-0.393707	-0.225812
0.2694	0.274412
-0.0996714	0.0391718
-0.0469151	0.331396
0.104577	-0.195675
3.30411	1.07304
-0.70121	-0.390045
-0.248823	0.238407
-0.105867	0.0796069
0.100116	0.11106
-0.0558294	-0.0234372
0.0612636	0.101735
2.84798	0.573485
-0.985382	-0.356071
-0.131925	0.0404074
-0.044713	-0.108987
-0.0817295	-0.0144084
-0.0681809	-0.222322
-0.0901244	0.0106843
2.93689	0.621045
-0.730108	-0.331487
-0.354055	0.128911
-0.213036	0.1572
0.0573666	-0.0509506
-0.150317	0.0684734
-0.173932	0.0232306
2.955	0.836644
-0.240986	0.10772
-0.101656	0.390258
0.172141	-0.0529497
-0.31308	-0.362843
-0.0418633	-0.139503
0.00932863	0.0310082
6.68193	1.95744
-0.700388	-0.111851
-0.330755	-0.325162
0.0285014	-0.143698
-0.531466	0.0160331
-0.154994	0.17569
0.08939	-0.00923342
5.03632	0.332474
0.216469	-0.360921
0.0772408	-0.0176615
-0.204016	-0.103977
-0.294457	0.25892
-0.151704	-0.0466432
0.178112	0.0570023
6.30531	1.74958
-0.313399	-0.249766
-0.321574	-0.11767
-0.164321	-0.00740544
-0.144831	-0.192501
-0.218893	-0.245505
-0.156128	0.0849709
5.54828	1.70648
-0.119741	0.0459855
-0.0878009	-0.40735
0.236527	0.219098
-0.0690045	-0.00652188
-0.290864	0.0409134
-0.0603147	-0.11288
5.13688	0.320138
-0.243502	0.283872
0.259177	-0.177955
0.0461545	0.21303
-0.0905583	-0.213639
-0.228645	0.0380034
-0.0770895	0.0208029
5.58679	1.96461
-0.444253	-0.227952
0.157066	-0.242339
-0.0149367	0.210506
-0.16778	-0.163727
-0.274184	0.21328
0.0944386	0.0323371
6.43451	2.0511
-0.974362	-0.0814325
-0.296987	-0.244519
0.186779	-0.0282135
-0.189521	-0.244439
-0.188892	-0.044899
0.0255878	0.0385614
5.03479	0.135748
0.0318012	-0.144095
0.0773211	0.160815
-0.238163	-0.0633517
-0.228828	-0.00609251
-0.181753	-0.0277924
0.0882499	-0.0527811
5.14637	1.91699
0.140687	0.225584
-0.314453	-0.0281121
0.150512	-0.0844744
-0.148963	-0.200286
-0.230207	-0.0995408
-0.0359375	0.032835
4.67685	1.02964
-0.0476071	-0.0283261
0.0588169	0.0967172
-0.0188282	0.0462596
-0.0887427	-0.0633848
-0.252615	0.00511196
-0.108162	-0.0334853
4.82169	0.788925
-0.857316	-0.108838
0.163055	0.000427015
0.039778	-0.296594
-0.559757	0.078362
-0.0530586	-0.172594
-0.15114	0.144561
6.24312	1.34328
-0.468674	0.35146
0.473169	0.119496
0.0620734	-0.193307
-0.137754	-0.048583
0.0263043	-0.191468
-0.0883	0.0425498
4.27092	0.189606
-0.267566	-0.136264
0.0804481	-0.0205998
-0.125568	-0.00145558
-0.36985	0.185135
-0.0512601	-0.110336
-0.0500234	-0.0456209
6.07746	1.57732
-0.272325	-0.154546
-0.154671	-0.163464
0.140511	-0.140191
-0.507831	-0.0489744
-0.110556	0.00480575
-0.0160223	0.0910485
3.46915	1.51212
-0.0888833	0.143548
-0.0161494	0.0211886
-0.0449013	-0.0159982
-0.124351	-0.0764594
-0.107655	-0.0148257
-0.00022816	0.0331854
4.13917	1.36642
-0.848986	0.33439
0.400205	0.0612231
0.0888724	0.0856118
-0.268375	0.0282896
0.0997012	-0.0857999
-0.0179135	0.119787
6.2278	1.57472
-0.875327	0.353257
0.275342	-0.0924011
-0.384864	-0.176469
-0.0807626	0.0648837
0.0436156	-0.240254
-0.00743301	0.0217765
4.69783	1.88975
-0.751821	0.467962
0.173277	-0.0596948
0.0563198	0.148782
0.110684	-0.271629
-0.0757308	0.172435
-0.108427	0.00427926
5.14014	0.780699
-0.193623	1.22814
-0.139335	-0.175455
0.0404651	0.216195
-0.230852	-0.0420722
-0.121118	0.221683
-0.0689095	-0.0712475
3.89799	1.20156
-0.127315	0.348354
0.210759	0.206431
-0.194641	-0.0268919
-0.140251	0.246855
-0.26592	0.0647809
0.0275264	0.118761
4.27881	-0.878978
-0.236151	-0.209054
-0.221433	-0.100232
-0.205602	-0.0763543
-0.277214	0.0901662
-0.103067	-0.156006
-0.0468739	0.125058
3.96133	-0.560198
-0.13697	-0.40979
-0.115345	-0.0397315
-0.277198	0.106637
-0.0911472	-0.0170197
-0.215432	0.0151134
-0.103952	0.141185
2.99533	0.568174
-0.687283	-0.332324
-0.0719243	0.0233448
-0.0930194	-0.119317
6.25909	1.42545
-0.725182	0.0277669
-0.00552811	-0.266811
0.246427	0.254903
-0.249347	-0.118822
-0.183954	-0.0941156
-0.0388571	0.0814403
4.27425	2.0318
0.219086	0.263528
0.119478	0.071842
0.0177959	-0.169083
0.0889604	-0.0854581
-0.0734227	0.0102756
-0.0749819	0.0395692
6.17981	2.13656
-0.465439	-0.343642
-0.30459	-0.275892
0.0478435	0.0249004
-0.37084	-0.164722
0.0305383	-0.0239371
0.0811368	0.057428
5.16924	2.2063
-0.679164	0.685678
0.258627	-0.147789
0.319292	0.333442
-0.162244	0.0261891
-0.215504	-0.112704
-0.0664906	-0.0158424
6.11267	2.09486
-0.100608	-0.297402
0.000537987	-0.407301
-0.305689	0.244987
-0.0852987	-0.0158982
-0.211351	0.0867902
-0.189851	-0.0953535
5.89018	1.77849
0.348444	0.17709
-0.50678	-0.297552
0.140843	-0.0302163
-0.133517	0.015349
-0.44705	-0.128143
-0.133435	-0.0147539
6.0919	1.69553
0.0572435	-0.140924
-0.370153	-0.258487
0.146618	-0.147916
-0.11854	-0.143212
-0.330565	0.153002
0.196537	0.0364751
6.27994	1.99057
-0.481793	-0.173666
0.0636018	-0.0982955
0.280864	0.0803228
0.0303752	-0.231912
-0.284372	-0.00285233
0.0353332	-0.0910147
4.67769	1.8608
-0.234419	0.612175
0.293187	-0.133576
0.172771	0.0854369
-0.0237965	0.00775555
-0.0317444	0.0178746
0.0014176	-0.119352
6.17807	1.7261
0.0761895	0.316213
-0.258638	0.190957
-0.0354909	0.112008
-0.310631	-0.287008
0.00639472	-0.0754813
0.060799	0.126312
6.30249	2.17423
-0.719448	-0.254784
-0.2546	-0.142423
0.0964897	0.0364859
-0.171136	-0.173285
-0.221361	-0.130824
0.0579328	-0.0322604
5.33038	2.21851
-0.466132	-0.38984
-0.0162221	-0.0561039
0.0564476	-0.229035
-0.255632	0.0293177
-0.0352007	0.128564
-0.182819	-0.0715264
3.91551	2.00561
-0.228009	0.193629
0.194324	0.258046
0.118423	0.166964
-0.00848059	-0.0404047
-0.135829	-0.0432026
-0.165398	0.0742127
6.29988	1.30278
-0.503736	-0.0935498
0.609283	-0.191981
0.0215564	-0.153702
-0.242399	-0.0537988
-0.0194346	-0.00271744
0.0220207	-0.124719
3.48953	1.51622
0.25008	0.149238
0.127132	0.2633
0.0242291	-0.0902498
-0.00640834	0.131114
-0.0531947	0.0066222
-0.0223853	-0.117671
5.26198	0.0621256
0.212651	0.668666
0.0195656	0.534558
0.179144	0.137995
-0.135908	-0.236959
0.139256	-0.126808
-0.132811	-0.0611914
5.09188	2.06629
-0.0862694	0.237681
-0.132915	0.0742771
-0.3568	0.231491
-0.0503899	-0.277994
-0.0545396	-0.0286179
-0.00262716	-0.10198
4.27382	2.08729
0.0937525	0.275152
0.0994412	0.0646688
-0.0131265	0.256199
-0.129627	-0.0635311
-0.224855	0.0434292
0.0466498	0.0922074
2.97541	0.687188
-0.802942	-0.25543
-0.120062	0.0846196
-0.097283	-0.0591715
0.0381322	0.027591
-0.132376	-0.209069
0.151098	0.295409
3.99841	0.82713
-0.599551	-0.309461
-0.0222604	0.145135
-0.0778772	-0.0299165
-0.0465653	0.0899866
0.00449027	-0.0132973
-0.0360467	-0.0183536
3.00206	0.415894
-0.680351	-0.300287
-0.0169175	0.158918
-0.118458	0.093486
2.62571	0.339984
-0.893543	-0.23108
-0.22311	0.286723
-0.0260389	-0.0369111
-0.185329	-0.0226483
-0.110372	0.193963
0.00340956	0.118999
3.44136	0.962801
-0.442977	0.00150319
0.562139	0.00529893
-0.381723	-0.136083
-0.394569	-0.157968
-0.0802244	0.221878
0.118266	-0.026037
6.91455	1.71183
-0.360691	-0.270971
-0.304996	-0.420519
-0.0509901	0.225503
-0.321152	0.0481311
-0.245544	-0.180164
-0.225817	0.00343331
5.27399	1.58676
0.275235	0.047237
-0.0557956	-0.2162
0.416299	0.197898
-0.217599	-0.0375571
-0.329335	-0.0805442
-0.0692837	0.0922067
6.32319	0.787884
-0.479382	0.384038
0.694425	-0.135962
-0.195372	-0.0602287
-0.252414	0.0470791
-0.320945	-0.0754999
-0.0807437	-0.0568072
6.73828	0.624964
-0.811898	0.504022
0.258653	0.266309
0.0416089	-0.223693
-0.316185	-0.332946
0.0455075	0.0510793
-0.0468617	-0.119691
4.56515	1.90112
-0.389741	0.541541
0.427981	-0.530299
0.175225	0.311873
-0.329404	-0.142379
-0.0830327	-0.0610742
0.025306	-0.0251465
6.26403	2.04957
-0.480449	-0.420589
0.0663529	-0.0104842
-0.00473609	-0.367327
-0.260244	0.187667
-0.14845	0.047797
-0.0106905	-0.0260366
6.33287	1.62071
-0.0492755	-0.283067
0.038381	0.305135
0.187552	-0.385543
-0.349288	0.140752
-0.120444	-0.123335
-0.022233	0.0952242
4.72893	-0.952845
-0.168415	-0.0792549
-0.571502	0.164899
-0.228614	-0.138693
-0.232152	0.102672
0.13219	-0.0269831
0.0531971	0.125712
5.00154	2.03246
-0.378357	0.461812
0.130236	-0.417214
0.153569	0.249646
-0.150055	0.0121679
-0.00565039	-0.0392459
-0.169262	-0.0972122
3.77771	1.79579
-0.0103282	0.17007
0.0894995	0.348339
-0.00686582	0.0962215
-0.33357	0.0862203
0.0888291	-0.0981377
-0.0143782	0.0905455
6.09698	1.76112
0.0908761	-0.283193
-0.38409	-0.223359
0.259418	-0.0150946
-0.310789	-0.0129706
-0.234804	0.0173633
-0.24222	0.0848954
4.64954	0.0185335
-0.465952	-0.287455
-0.123332	0.00297619
0.17381	0.0469406
-0.189893	0.281558
0.0307963	0.0125588
0.0974586	0.0353773
5.63519	2.16262
-0.430919	0.0142023
-0.0522611	0.0667337
0.309334	0.0245175
-0.160515	-0.12512
-0.0712814	0.165833
-0.0521285	0.113481
3.01503	0.836643
-0.572942	-0.147422
-0.248637	-0.0370505
0.0371612	-0.0637587
-0.304659	0.131907
-0.107005	-0.268844
-0.0645316	0.0558478
5.67965	1.64666
-0.634061	0.291175
0.35186	-0.142583
0.0677439	0.320141
-0.17231	-0.302717
-0.111843	-0.102503
-0.0625459	-0.121017
4.40861	2.06079
0.0344919	0.48575
-0.187821	0.466837
-0.0665756	0.0219755
-0.258743	0.230919
-0.115891	0.098474
0.0605097	-0.0801645
3.75617	-0.190948
-0.511121	-0.12985
0.113934	0.228685
-0.0163864	0.142863
-0.353788	-0.196735
-0.170195	0.0484497
0.0369217	-0.0457867
5.31845	2.29117
-0.0954719	-0.209566
-0.309085	-0.135544
0.05152	-0.0300546
-0.173844	-0.0940474
-0.293768	0.105167
-0.105149	0.051215
4.90251	-0.656567
0.0143027	-0.567698
0.0406872	0.0954815
-0.183035	-0.118151
-0.0400384	-0.0125687
0.0988066	-0.236888
-0.101494	0.208604
4.2391	-0.25251
-0.690483	-0.229814
0.0735605	0.275434
-0.0785654	-0.248539
-0.241932	-0.242304
0.032282	0.0331511
0.00819042	-0.120172
4.93915	1.78157
-0.460303	-0.153953
0.564254	-0.308791
0.103895	0.0537974
-0.241684	-0.210832
-0.0387387	0.176962
0.0859479	-0.0369365
6.0152	1.79657
-0.558726	-0.47741
-0.188263	-0.257033
0.112339	0.126736
-0.219805	0.0235281
-0.139343	0.111262
0.142273	0.0488407
5.42014	1.83887
-0.15405	0.253973
-0.380527	-0.227465
0.243172	-0.282479
-0.150584	-0.244256
-0.0166793	0.00303147
0.0852553	0.12302
4.32445	1.52675
-0.320493	0.662042
-0.0431517	0.20554
0.192186	-0.15828
2.44262	0.0531478
-0.815901	-0.286084
0.0843149	-0.0571034
-0.0640258	0.0493585
0.0206373	-0.0439035
-0.0848589	-0.0274236
0.0229755	-0.00343168
5.28872	2.16974
-0.113914	0.166558
0.210007	-0.417815
0.333094	0.279376
-0.156981	-0.0538548
-0.210694	-0.0757755
-0.0468877	-0.0525287
6.25524	1.84212
-0.535096	-0.410473
-0.224345	-0.251276
0.0371736	0.0132327
-0.24244	-0.189498
-0.195448	-0.0638116
0.0564781	0.0513789
5.46286	1.84586
-0.120432	0.0586468
0.0503964	0.0435849
0.304435	0.200474
-0.0220339	0.067879
-0.0214268	-0.0807252
-0.036274	0.0698084
6.12741	0.910036
0.145573	-0.290398
-0.402878	0.069469
0.222082	-0.0512961
-0.533395	-0.00152505
-0.0869735	0.00297968
0.0443166	0.0219627
5.18483	0.40256
0.417733	-0.134864
0.178195	0.252999
-0.139656	-0.0904225
-0.223721	0.171369
-0.196094	0.105504
0.088351	-0.15581
4.79592	1.80938
0.248294	0.253811
0.203285	0.0354293
-0.0339059	0.132499
0.0916687	0.125334
-0.106238	-0.0829176
-0.107833	-0.0703901
6.20625	1.98323
-0.172294	-0.202851
-0.346989	-0.236215
-0.0957497	0.0871966
-0.270369	-0.280064
-0.176413	-0.0835028
-0.0134877	0.0337721
5.19154	2.4286
-0.0536869	0.191878
0.0580169	0.236437
0.117845	0.125233
-0.0702504	0.136584
-0.15728	-0.0811568
0.0257111	0.0536566
3.28611	1.19536
0.0212364	0.134493
0.20477	0.11821
-0.141923	0.135248
-0.272504	0.103847
-0.194693	-0.275754
-0.0428688	0.0519868
3.83379	1.50432
-0.208578	0.281272
0.22826	0.324725
-0.142692	-0.0189366
-0.180504	-0.115961
-0.0498387	-0.0928992
-0.181745	0.0479523
6.1579	1.7856
-1.02698	0.202658
0.484479	-0.164912
-0.247461	-0.288314
-0.299265	0.0761126
-0.0383389	-0.199671
-0.143526	-0.0488906
4.9564	1.93499
-0.422319	0.698763
0.335296	-0.376379
0.16385	0.0156121
-0.143945	0.0171945
-0.100427	-0.00980724
-0.0785038	-0.000768666
4.73277	-0.0427815
-0.475198	-0.403765
0.0790468	-0.140185
0.0769844	-0.191953
-0.411836	0.107032
0.0508474	-0.0657943
-0.179349	0.0838977
6.21294	1.90487
-0.460942	-0.256159
-0.187039	-0.09981
-0.242604	0.209713
-0.0951426	-0.333224
-0.0612942	-0.100662
0.112204	0.0331316
6.8528	1.31057
-0.662698	0.110416
0.23385	-0.0614842
-0.255065	-0.0768036
-0.114288	0.0446165
-0.373757	-0.0266641
-0.132722	0.00339728
4.67207	1.9324
-0.370722	0.674282
0.494988	-0.159609
0.0513195	0.0626453
-0.152713	-0.0626529
-0.114585	-0.0461826
-0.113991	0.101958
5.59702	0.343478
-0.539947	0.0529939
0.226757	-0.244828
-0.0458142	-0.221297
-0.495901	0.0638118
0.0248233	0.171601
-0.00321152	0.0862642
5.48516	1.49041
-0.86169	0.412388
-0.127857	-0.285076
0.190661	-0.146939
-0.0571683	-0.379091
-0.190178	0.00570657
-0.0774643	-0.00257978
4.86799	1.94302
-0.230102	0.0930734
-0.222288	-0.199299
-0.227612	0.275677
-0.349011	-0.12444
-0.14096	0.111469
0.0581409	0.0734649
6.241	1.82742
-0.792951	-0.151926
0.300632	-0.152565
0.094694	0.249078
-0.283473	-0.0916925
0.00504186	0.0267655
-0.0693389	-0.0655861
5.41661	0.943658
0.273294	0.889538
-0.232409	-0.318567
0.188757	0.129398
-0.211286	-0.109408
-0.206692	0.0040421
-0.0590474	-0.0743223
6.6856	1.0164
-0.802419	0.236986
0.0473617	-0.158812
-0.0369649	-0.22158
-0.217493	-0.106908
-0.0847871	0.0646132
0.0447181	0.0657118
6.60521	1.26394
-0.7432	0.242169
-0.402957	-0.070071
-0.0816172	0.118724
-0.428255	-0.0640104
-0.116753	0.0766499
-0.00801089	0.191753
5.76794	1.7345
0.0683271	0.0738365
0.082788	-0.564072
0.0124729	0.177089
-0.195112	0.0208327
-0.180298	-0.0503261
0.011576	-0.121124
4.71504	1.74948
-0.605274	0.662535
0.347427	-0.227821
0.0805	0.312286
-0.323418	-0.128224
-0.218059	0.0550648
0.0597312	-0.112817
5.9261	0.243736
-0.38272	0.887838
0.301241	0.100569
-0.412733	-0.124166
-0.483136	0.135719
0.0543993	-0.142927
-0.0404345	-0.115345
4.646	0.992052
-0.00917793	0.232905
-0.24924	0.380539
-0.318461	0.201022
-0.0230091	0.0518578
0.113801	0.0998446
0.0415936	0.0210594
4.86107	-0.318528
-0.606833	-0.162197
-0.366965	0.330631
0.135999	-0.0416498
-0.0648765	-0.176217
-0.0551226	-0.128416
-0.10675	0.0859437
4.52915	1.52803
0.0951464	0.322734
-0.161096	0.30989
-0.0365884	0.162885
-0.113288	-0.236771
0.10847	-0.0957644
-0.199555	0.0261215
5.95259	0.434455
-0.5913	1.03993
0.364004	-0.000804722
-0.307508	0.074675
-0.273083	0.00668666
-0.212221	-0.202768
0.0053274	0.0540839
6.21316	1.38315
-0.327816	0.215658
0.600244	-0.0379616
0.200228	-0.255489
-0.321847	0.0601043
-0.14548	-0.0886722
-0.0809434	0.00411387
5.26833	-0.196235
-0.648636	0.0817901
0.417906	-0.0191155
0.268098	0.0131322
0.104054	0.231395
-0.285918	0.0801034
-0.109781	-0.141218
5.20788	0.618494
-0.559125	0.533763
0.204824	-0.00789635
-0.190182	-0.0679966
-0.0184738	0.111937
-0.15466	-0.121526
-0.134606	0.13305
3.95692	1.0906
-0.745033	-0.108277
0.0711931	0.0688611
0.115774	0.17641
-0.215074	0.0777208
0.0237823	0.243978
-0.0268881	-0.162425
4.13682	1.71703
-0.439085	-0.376246
-0.177519	-0.105047
-0.132474	0.0169836
0.00114896	-0.000901886
-0.0554573	0.0141945
0.05688	0.0336633
3.13265	1.0778
-0.933518	-0.350694
-0.094605	0.173743
-0.235001	0.0207032
0.00510222	0.211851
-0.0579373	0.0808557
