2.86776	0.681109
-0.673567	-0.219877
0.0848485	0.057141
-0.105844	-0.00720235
-0.0517886	0.132992
0.0565473	0.054249
0.101147	0.000916226
3.31139	0.712694
-0.430954	0.0515205
-0.0866023	0.366497
-0.103148	-0.281152
-0.226649	0.161842
-0.180687	-0.0934155
-0.0266056	-0.0619116
5.77159	0.860159
-0.151979	0.846423
0.0852137	-0.05655
-0.596267	-0.180844
-0.108168	-0.19087
0.048249	0.0825183
-0.0804015	-0.0804841
5.50886	0.196373
0.533285	0.463012
-0.144292	0.11664
-0.411945	-0.0768678
-0.000766671	-0.164087
-0.00417898	0.25059
-0.0609675	0.0882641
5.46686	-0.112703
-0.104402	0.179784
0.0208759	-0.0772172
-0.0430227	-0.428005
-0.319159	0.0897955
-0.132472	0.20894
0.0118569	0.0602574
7.05864	1.19183
-0.335147	-0.0845117
-0.183673	0.531858
-0.265256	-0.313043
-0.105836	0.100094
0.0193276	0.278197
0.0809369	0.151652
4.80442	0.939531
0.241824	0.0539293
0.0997336	0.0681203
-0.0190612	-0.170854
-0.113708	-0.0680472
-0.0958195	0.128141
-0.326841	-0.0243215
5.81363	1.34944
0.341973	-0.427671
-0.519481	-0.0980368
-0.258673	-0.0497074
-0.212561	0.198423
0.178353	-0.261457
-0.031741	-0.000328922
5.7608	1.91099
-0.152067	0.399384
-0.61109	0.27789
-0.0363592	-0.0130682
-0.0771382	-0.226689
-0.31631	-0.0995677
-0.014321	0.0942877
5.56614	1.67562
-0.475792	0.109417
-0.149694	0.315395
-0.397978	-0.563432
-0.170666	0.0273764
-0.195665	0.0973037
0.0387328	0.0995326
6.40743	0.656951
-0.624715	0.860489
0.0277276	-0.16297
-0.324886	-0.346938
-0.246864	-0.168611
-0.152412	0.0105925
0.0158206	0.0231604
5.3806	1.63659
0.00450837	-0.021336
-0.361122	-0.260748
-0.0868531	-0.342643
-0.127481	-0.0534203
-0.235679	0.0317379
-0.0270522	-0.00743185
4.04712	2.08482
0.310379	0.294659
0.256029	0.141205
-0.157486	-0.345582
-0.195881	-0.114958
0.0149038	-0.0438306
0.105723	-0.0884198
3.47313	1.27818
-0.462094	0.00505907
-0.00197917	0.095349
-0.217325	-0.0359551
-0.159939	0.00300691
-0.140348	-0.111565
-0.00794532	-0.021406
3.17127	0.824888
-0.67527	-0.386684
-0.0965838	0.0610354
-0.0468518	0.133457
-0.0790866	-0.0392671
-0.00563549	-0.0659471
-0.05712	0.00272454
2.99357	0.88891
-0.815742	-0.201903
-0.123951	0.145403
-0.0643062	0.00194919
-0.142565	0.114725
-0.281404	-0.00213101
0.0195325	0.147462
2.81096	0.902501
-0.928549	-0.134535
0.265587	0.0782147
-0.238599	-0.215206
-0.266765	-0.0503388
-0.199595	-0.0507162
-0.227917	0.0323636
6.12031	1.36534
-0.0395614	0.136585
-0.250466	0.528934
0.27021	-0.42451
-0.334574	-0.215907
-0.105879	-0.0272146
-0.0706698	-0.0898852
6.82272	1.2099
-0.986068	0.547194
-0.204549	0.0486637
-0.435098	-0.358801
0.172878	-0.0308754
-0.091103	0.121411
0.0969147	-0.0344548
4.96999	1.96087
-0.422982	0.885279
0.0863273	-0.163339
0.0219656	-0.550489
-0.212264	0.0171751
-0.12355	-0.177949
-0.100947	-0.0184283
4.77034	1.71833
0.000150649	0.952925
0.26835	-0.0621856
-0.156713	-0.378429
-0.0500858	-0.24172
-0.17486	0.0389997
-0.124495	0.0118512
6.6189	0.718725
-0.351919	0.461635
-0.138731	0.471592
0.178817	-0.212736
-0.198269	-0.472906
-0.253283	-0.110747
-0.0618622	-0.0634109
5.20173	1.89416
0.364257	0.00657514
-0.194593	0.527189
-0.0622501	-0.413785
-0.300466	-0.26168
0.0303076	-0.0616908
-0.117109	0.0272818
7.07747	1.16777
-0.76864	-0.024777
-0.372158	0.164751
-0.204345	-0.5892
-0.310153	0.113291
0.12406	0.166278
0.0215935	0.00549661
4.88517	1.47057
-0.390168	0.246435
-0.0777888	0.308986
-0.00957525	-0.510154
-0.252993	-0.0800063
-0.161981	-0.0524214
-0.0576912	0.0394961
6.58137	0.213544
-0.248877	0.908197
-0.0100013	-0.0218558
-0.381515	-0.16748
-0.382242	-0.394653
0.0266382	-0.144655
0.00604208	0.075108
4.89947	1.08058
-0.170846	0.400844
-0.167306	-0.0908431
-0.178506	-0.0638904
-0.0640656	-0.208525
-0.0924277	-0.035046
-0.0252663	0.0329173
5.23214	-0.0345315
-0.775566	0.44406
-0.00188542	0.162198
-0.163519	-0.00313751
-0.427089	-0.112432
-0.113012	-0.222606
0.0868721	-0.113396
5.36651	0.290389
0.948799	0.788413
0.103358	-0.0166495
0.078064	-0.434034
-0.230924	0.112782
-0.275567	-0.0426827
-0.150843	-0.0497763
6.52028	0.0659254
-0.240445	0.695618
-0.239781	-0.0363125
-0.454052	-0.421743
-0.0529459	0.161881
0.105085	0.0863787
-0.0259655	0.109589
6.22754	1.65381
-0.936831	0.208191
0.377436	-0.00195752
-0.3364	-0.150146
-0.265312	-0.0907629
-0.193708	-0.121373
0.0500758	-0.0404887
6.17537	1.07259
-0.78526	0.865607
-0.310028	-0.30298
-0.32131	-0.243025
-0.0696357	-0.214226
0.0917568	0.244816
0.0766621	-0.0212032
6.57374	0.939246
-0.937954	0.431941
-0.323727	0.171208
-0.354988	-0.473504
-0.052213	-0.0176274
0.0952963	-0.035019
-0.0365013	-0.0551636
4.30989	0.797991
-0.482223	0.110131
-0.460314	0.176138
0.0149873	-0.519996
0.0159898	0.0613765
0.152258	0.122239
-0.165342	-0.126663
5.86691	1.85713
-0.434129	-0.51858
-0.570413	0.423373
-0.160561	0.339929
-0.24647	-0.129214
-0.225444	-0.129619
-0.12343	-0.013871
4.4981	1.92978
-0.047615	-0.239614
0.0886827	0.0537831
0.111067	0.0269051
-0.0246671	-0.0272134
-0.166545	-0.125511
-0.284392	-0.0255592
3.06932	0.928192
-0.688811	-0.119824
-0.0939526	0.208567
-0.0879479	-0.0944909
-0.00441989	0.194302
-0.175776	0.0245414
2.83576	0.766435
-0.766908	-0.379224
-0.12819	0.0836434
0.0680964	0.0168846
-0.0315132	0.0133034
-0.146846	0.0298412
0.0663359	0.150093
2.98431	0.588869
-0.617513	-0.232814
0.00156619	0.0618394
0.0174869	-0.299071
-0.481653	-0.317741
0.00331209	0.00512297
-0.0172767	0.0175073
6.45018	1.74098
-0.64256	0.125802
0.0911864	0.378618
-0.449592	-0.46692
-0.281495	-0.0810209
-0.326605	-0.110515
-0.0565054	-0.0855024
5.782	0.322776
0.157211	0.888056
0.0309805	0.0974085
-0.222502	-0.368573
-0.521759	0.0643755
-0.337464	0.109839
0.0104408	-0.0561851
6.9764	0.838268
-0.306101	-0.38395
-0.36365	0.545309
-0.208714	-0.337603
-0.0907206	-0.296918
0.0435762	-0.0148211
-0.0970794	-0.0595747
5.93671	1.61236
-0.412459	-0.52924
-0.445304	0.369374
-0.136547	-0.234154
0.0991411	-0.216671
-0.328958	-0.0174866
0.0634433	-0.016368
5.21099	2.2729
-0.269646	0.271795
-0.262878	-0.156076
0.0894622	-0.0804868
-0.246202	-0.0825102
-0.168437	-0.134108
0.100248	-0.0188496
7.2145	1.48797
-1.12324	-0.0509399
-0.0142994	0.0933105
-0.457742	-0.537016
-0.0579947	-0.00742697
0.0298043	0.069605
0.00315642	0.36811
5.56347	0.0588288
-0.6962	-0.186766
0.119321	-0.0550429
-0.0780466	-0.226603
-0.156114	0.149938
0.0370983	0.0724759
0.0130479	0.113474
5.96053	2.02748
-0.395049	-0.136067
0.00914741	0.280114
-0.204018	-0.528634
-0.290515	-0.288129
-0.0453099	0.0383516
0.0542633	0.108563
3.88552	2.06333
0.0868297	0.17444
0.195565	0.359027
-0.200078	-0.0148698
0.015618	-0.0464867
-0.21039	0.0303059
-0.205977	-0.0237916
5.46819	1.71762
0.630321	0.172461
-0.00261453	-0.0188284
-0.167521	-0.0905337
-0.209491	0.0541117
-0.222581	0.0184037
0.0314584	-0.0565716
3.29095	1.07413
-0.328766	-0.076824
0.104613	0.0158052
0.0780994	-0.078261
-0.363642	0.131731
0.018553	0.0905592
0.164005	0.0547397
7.39025	1.26005
-0.949882	-0.525167
-0.463505	-0.208158
0.118667	-0.136198
-0.300662	0.148292
0.0401502	0.0707717
0.195111	0.10576
4.12026	1.76886
-0.532493	-0.226852
-0.217235	-0.0830617
0.0376462	-0.113607
-0.125442	0.177703
0.151017	0.144776
0.0651465	0.0722279
6.30755	2.08285
-0.719639	-0.266865
-0.319184	-0.112244
-0.0603798	-0.299772
-0.209908	0.0627023
0.00370743	0.255668
0.0696996	-0.0998864
3.74522	1.7936
-0.359484	-0.113374
-0.136453	0.126669
-0.00993306	-0.0894474
-0.0663935	0.00179539
-0.19493	-0.0120812
0.0877056	0.0198072
6.28184	1.4033
-0.792529	0.629187
-0.102981	-0.0189456
-0.359908	-0.369305
-0.199308	-0.377862
-0.238209	-0.0488135
-0.169197	-0.0991842
5.3562	0.143443
0.030373	1.1553
0.428995	-0.0282326
-0.141041	-0.34154
-0.257918	0.080301
-0.16368	-0.155498
0.0675141	0.0214137
6.82052	0.999304
-0.335418	-0.358467
-0.482331	0.271688
-0.116139	-0.23783
-0.238348	-0.321628
-0.0886795	-0.196241
0.0576931	0.121093
6.1898	1.16976
0.0027464	-0.488023
-0.479198	0.341169
-0.182707	-0.111222
-0.0967169	-0.236651
0.133304	0.0815755
-0.0778914	0.0459212
5.08731	0.406026
-0.135381	-0.141256
0.0395276	0.154736
-0.0288441	-0.138054
-0.039517	0.15489
-0.06887	0.0609063
0.0141679	0.0888254
5.19925	-0.238374
-0.32128	-0.385034
-0.166264	0.408335
0.154766	-0.525301
-0.368099	-0.0691405
-0.183822	0.113712
0.190113	0.0464576
5.19399	1.32885
-0.137292	-0.077864
-0.478691	-0.19696
0.251695	-0.24768
-0.321713	-0.0261889
-0.305282	-0.174784
-0.00964302	0.039682
3.37069	1.45256
-0.434133	0.0992878
0.00478299	0.127381
-0.106024	-0.10386
-0.155307	-0.0405642
-0.121767	-0.0990117
0.159241	0.022636
3.24651	0.893766
-0.514834	-0.396486
-0.736636	-0.04278
0.0858911	0.0162905
-0.191228	-0.0623038
-0.0709559	-0.210364
0.128037	0.193922
3.61916	1.11512
3.32263	1.07145
0.349711	0.33275
0.18984	0.398691
-0.208642	-0.282891
-0.31249	-0.0712582
0.0577583	-0.298395
0.0116603	-0.0936454
5.91365	0.787162
0.158378	-0.0737717
-0.225459	0.520495
-0.159223	-0.142938
-0.129882	-0.254417
-0.203098	-0.174445
-0.0885096	0.0870862
5.45251	1.84847
-0.0142336	0.386558
-0.00433452	0.203303
-0.235712	0.0246788
-0.100831	-0.172039
0.00560771	0.0325591
-0.108531	0.00117581
5.69452	1.5963
1.05716	-0.171577
-0.279979	-0.107381
-0.400803	-0.172716
-0.0540446	-0.0839709
-0.18739	-0.0856028
-0.136154	-0.0792917
7.13453	1.42311
-0.752701	-0.247516
-0.30433	-0.124203
-0.307099	-0.447972
-0.0800545	0.0148155
-0.0218957	-0.0277605
0.111572	-0.0539291
3.78226	1.50505
-0.49754	-0.169034
-0.121999	-0.0303126
-0.440301	-0.237821
-0.325287	-0.14029
0.114312	0.136123
-0.104302	0.0327191
3.4983	0.94732
-0.496002	-0.00839967
-0.00240013	0.0494534
-0.087897	0.127257
-0.236248	0.233646
0.141707	-0.103967
0.05774	0.0365175
6.72096	1.52601
-0.976255	-0.10809
-0.396198	0.242076
-0.228409	-0.448839
-0.244024	-0.154187
-0.148131	-0.132548
-0.0353742	0.116086
4.51374	1.76902
0.147252	0.306362
0.0314434	0.331042
0.0368216	-0.0717682
0.017291	-0.275253
-0.021763	-0.0531179
0.0744143	-0.0343474
5.00698	0.492012
-0.415531	-0.0162646
-0.475746	0.379968
-0.182516	-0.460133
0.0121933	0.060023
0.163292	0.147295
-0.027035	0.0162942
5.00635	1.85626
-0.210702	0.220296
-0.037132	0.230414
-0.125712	-0.297251
-0.230039	-0.341661
-0.144703	0.0482574
0.0687313	0.164276
5.84729	1.46367
0.220346	-0.0758406
-0.443578	0.448213
-0.0554163	-0.189768
-0.19313	-0.034443
0.103515	0.111617
-0.0483536	0.176297
5.4547	-0.579229
-0.691105	-0.621063
0.112962	0.252787
-0.0913195	0.0168859
-0.0845759	-0.0280858
-0.157262	0.0517627
-0.0731594	0.171241
5.08136	1.27026
-0.638702	-0.551951
-0.44846	-0.0807768
0.152058	-0.204861
-0.32744	0.022307
-0.0947218	0.0628841
0.161779	0.213759
6.07401	1.61203
-0.319363	-0.287716
-0.68875	-0.267884
0.219331	-0.212955
-0.296184	-0.00350653
-0.268825	-0.0800425
0.109935	0.136518
3.77373	1.49753
-0.551216	-0.0511982
-0.223914	-0.0538782
-0.287682	-0.074993
-0.0910649	-0.185263
-0.0419068	-0.0107238
0.0740854	0.103666
3.59287	0.682773
-0.704359	0.330103
-0.10963	0.124605
-0.208109	-0.236206
-0.0476807	0.0871416
-0.124288	0.16926
-0.0938105	0.092063
4.34846	-0.393218
-0.376503	-0.148812
-0.0751915	0.159618
-0.193759	-0.0905126
-0.186743	-0.00135424
-0.182569	-0.0359284
-0.16036	0.105782
4.16188	-0.259207
-0.516556	-0.347202
-0.0881648	0.131149
-0.160249	-0.108106
-0.0111143	-0.0447227
0.0801846	0.0953989
0.11649	0.0666988
3.09442	0.697649
-1.04029	-0.119481
3.40078	0.752782
-0.952837	-0.305659
0.0244695	0.113301
-0.0533785	0.0715433
0.0760063	0.0953695
-0.163853	0.0497188
0.0864219	0.113886
3.04672	0.639875
-0.77774	-0.138254
-0.371132	-0.0443413
-0.207232	0.171705
-0.596347	-0.149076
-0.229886	-0.193533
-0.0189781	-0.120405
5.53242	0.917999
-0.100537	1.08428
0.0455295	-0.128936
-0.227699	-0.277895
-0.219256	-0.387171
-0.192346	-0.0392831
-0.0419662	0.028989
7.16505	0.978824
-0.778989	-0.239218
-0.599352	0.108045
0.0753785	-0.308142
-0.215302	0.133006
0.0438001	0.110921
0.040503	0.0186028
6.47277	1.70051
-0.126507	0.21084
0.0627671	0.17604
-0.152633	-0.0801694
-0.254359	-0.054772
-0.070577	0.12369
-0.0448366	0.00453034
6.28054	1.1833
-1.02688	0.296564
-0.22596	-0.194508
-0.174549	-0.263424
-0.317595	0.24439
0.188151	0.110389
-0.0447637	-0.084228
6.89827	1.64425
-0.421408	-0.00603218
0.170026	0.0940058
0.0188825	-0.122632
-0.243088	0.0865209
0.159649	0.0391044
-0.100733	0.0161579
3.73957	0.937071
-0.680296	-0.157798
-0.20541	-0.0525959
-0.0941863	-0.0520998
-0.0070031	0.171201
-0.155847	0.0394591
-0.132824	0.14787
6.37392	1.73151
-0.333614	-0.217067
-0.577214	-0.261546
0.114105	-0.411978
-0.360672	0.0183215
-0.0261265	0.0422238
-0.151271	0.0124005
4.90467	1.08963
-0.0663231	0.126152
-0.216242	0.379681
-0.0665688	-0.622222
-0.298458	-0.164595
-0.0266574	0.253112
-0.0926222	-0.0872932
5.69297	1.8901
-0.0564892	0.227473
0.185695	0.286178
-0.0978643	-0.176057
0.137468	0.172715
-0.0662071	0.0732761
-0.170761	0.0717704
4.33082	1.89217
0.155482	0.53405
0.352345	-0.0591882
-0.0564827	-0.321324
-0.520402	-0.0785179
-0.125234	0.0368946
-0.130691	-0.144657
6.96802	0.31409
-0.471186	0.72713
-0.151219	-0.101606
-0.255909	0.166945
-0.392199	-0.19097
-0.059417	-0.149929
-0.0215379	-0.0481275
4.3007	1.52359
0.369317	0.609493
0.331214	0.299248
-0.109083	0.0488646
-0.283537	-0.260241
-0.0920399	0.137282
-0.025482	0.0499944
5.09027	1.02569
0.0487825	0.947363
0.228339	-0.0683772
-0.117565	-0.202377
-0.340684	-0.254518
-0.00756015	-0.259072
-0.149938	0.0329067
5.50429	0.573379
-0.519692	0.71812
-0.14712	0.114031
-0.270664	0.0343207
-0.0933648	0.00855625
0.0951441	-0.0426295
-0.162454	-0.027633
3.33751	0.78331
-0.509985	-0.145307
0.0167697	0.263382
-0.157297	-0.0299814
-0.0869181	-0.0178033
0.0484292	-0.0421249
-0.0751327	0.000249409
6.57041	1.16208
-0.0363487	-0.0704487
-0.593806	0.0980089
0.0988422	-0.401641
-0.404051	-0.228283
-0.0769589	0.144926
-0.124222	-0.000249607
4.4743	0.922209
-0.172668	0.121404
-0.137706	-0.0564037
-0.184783	-0.0773863
-0.174302	0.0509701
0.0230159	0.0276304
-0.138725	-4.24028e-05
6.55204	1.30292
-0.511179	0.00147532
-0.396158	0.186656
-0.0971867	-0.575779
-0.093589	0.0198485
-0.0163936	-0.000592041
-0.077685	-0.0276339
5.20274	-0.317948
-0.489723	-0.0697871
-0.102408	-0.0797199
-0.205373	0.0740205
-0.279161	0.215122
-0.0763831	0.122372
0.0116485	-0.0872957
3.32286	0.959029
-0.595971	-0.133265
0.0240735	0.132037
-0.128198	0.0676448
-0.316478	0.22776
-0.0539984	-0.102921
0.00998028	-0.0989021
5.64915	1.88748
-1.20576	0.71747
-0.0518914	0.171601
-0.380812	-0.490032
-0.22528	-0.107419
-0.288776	0.00557172
0.130145	0.00570865
5.92076	1.30601
-0.202315	0.269924
-0.31895	-0.000295814
0.140282	-0.286954
-0.288571	-0.0849899
-0.191765	-0.103584
-0.0079242	0.106554
6.22595	1.84638
-0.413273	-0.171394
-0.73798	-0.242398
0.0891119	-0.0607464
-0.178176	0.0535314
0.0559362	0.0485226
0.134358	0.053247
5.03909	1.96508
-0.296578	0.47338
-0.103003	-0.0845243
0.144876	-0.23336
-0.261113	-0.0687948
-0.00224136	0.0923895
-0.0644765	0.0065617
6.72805	0.543311
-0.25802	0.701907
-0.0810501	-0.00953166
-0.348323	-0.161402
-0.28535	-0.221492
0.024023	-0.123356
-0.117439	0.0640233
5.88299	0.100457
0.394895	1.33463
-0.0967509	-0.0918256
-0.122511	-0.426519
-0.329093	-0.14808
-0.152471	-0.142208
-0.0973886	-0.0999378
4.37879	2.00949
0.346206	0.495309
0.203968	0.471448
-0.0454161	0.0334822
0.0457442	-0.120241
0.021479	-0.196847
0.0356695	0.0879533
5.04733	1.9504
0.373253	0.354167
-0.49091	-0.266489
-0.128924	0.00830472
-0.0426904	-0.274595
-0.222443	-0.185722
-0.0160747	0.0300306
5.59624	1.92577
-0.226193	0.129776
-0.0914318	0.242123
0.124597	0.0613547
-0.109887	-0.339779
-0.0427655	-0.0124948
-0.0868163	0.0569699
4.34661	0.41086
-0.38769	0.0308213
-0.322626	0.0572987
0.00426372	-0.499519
-0.110681	0.215222
0.0322609	0.0883485
-0.17583	-0.147937
6.45153	1.20414
-0.842866	-0.255556
-0.323186	0.36872
-0.306762	-0.283056
0.17228	0.0655714
0.00499475	-0.245764
-0.132334	-0.0605816
4.28777	1.61846
0.124538	0.464226
0.236275	0.19288
-0.212956	-0.208134
-0.166358	-0.117329
-0.0206366	-0.061628
0.00750462	-0.00342388
3.81401	1.7358
-0.0247996	0.293501
0.20266	0.370078
-0.0198921	0.000462555
-0.201657	-0.0418278
-0.131887	-0.0230073
-0.0541104	0.2374
4.16276	-0.239631
-0.215153	-0.384709
0.0296668	0.08996
-0.153253	-0.0688363
-0.198628	0.0429051
-0.282329	-0.0211825
-0.191887	0.108341
3.9857	-0.0964922
-0.546105	-0.278478
-0.218357	-0.0513341
-0.208055	-0.261572
-0.0367979	0.0558363
-0.0918163	-0.101221
0.0538004	-0.0239788
3.20988	0.803407
-0.63023	-0.34759
-0.343349	0.0711999
-0.160514	0.0156139
-0.0670898	0.148289
-0.0808771	0.161933
0.118188	0.0598604
4.9009	-0.226883
-0.180367	0.452006
-0.099571	0.362579
-0.0908788	-0.387979
-0.368341	-0.166477
-0.163366	-0.0625466
-0.111306	0.00181767
4.60329	1.71783
-0.184569	0.236663
-0.0902654	0.0945561
0.0879571	-0.389425
-0.44123	0.0480743
0.130185	0.158657
0.122654	0.0732346
6.84742	1.4612
-0.652804	0.201985
-0.174873	0.306079
-0.290896	-0.216337
0.0669396	-0.0417944
0.0976465	0.0152167
0.085081	0.241557
5.53122	-0.0571548
-0.780457	-0.145925
-0.242788	-0.170524
-0.412194	6.83155e-05
-0.0437925	-0.218248
0.100486	0.0410862
0.0751878	0.0372509
5.97623	1.1828
-0.386221	0.809102
-0.169446	0.109966
-0.630766	-0.372688
-0.0795203	-0.210303
-0.10067	-0.174037
-0.236991	-0.123004
4.00394	1.79211
0.134876	0.261932
0.409269	0.351398
-0.113702	-0.100658
-0.0660294	-0.165923
-0.0586956	-0.0479847
-0.0427844	-0.0405456
5.57065	1.35097
0.0149211	0.1604
-0.156298	0.333666
0.0685502	-0.531312
-0.541341	-0.160305
-0.0372279	0.119057
-0.0631234	-0.0689682
6.67113	1.39177
-1.06426	0.169449
-0.439101	-0.0607621
-0.0868149	-0.228663
-0.0557826	0.368608
-0.154388	0.0278707
-0.220127	-0.00946118
6.40587	1.20443
-0.428137	0.226409
-0.160119	0.138281
-0.486567	-0.174969
-0.249976	-0.199647
0.00874161	-0.233043
0.133541	-0.0263623
5.85939	1.34084
-0.639155	-0.182316
-0.160276	0.204612
-0.19404	-0.156915
0.292949	0.0809334
-0.105488	-0.133082
-0.173785	-0.00318863
7.03	0.804947
-0.52626	0.231344
-0.0927688	-0.199434
-0.236275	0.237183
-0.357345	-0.0867381
-0.0451565	0.0492238
-0.0944461	0.0192945
4.62176	2.23415
0.523732	0.706349
0.382326	-0.279485
-0.124875	-0.268394
-0.363422	0.0208182
0.076323	-0.15407
0.0434328	-0.0944946
4.20072	1.6575
0.219499	0.189953
0.426976	0.307604
0.0291427	-0.0341428
-0.308191	0.133353
-0.0805623	-0.291638
-0.0896956	-0.0659727
5.12845	0.440946
0.659005	0.988045
-0.0354467	0.168286
0.0088609	-0.254367
-0.402572	-0.0276607
-0.223076	-0.226084
-0.053097	-0.185856
5.96546	0.190313
0.0636505	0.98691
-0.317281	-0.0591525
-0.370284	-0.225018
0.00190735	0.0235187
0.074872	-0.0465826
-0.101918	0.0113859
6.28419	1.3096
-0.789364	-0.188064
-0.079571	-0.0456875
-0.192654	-0.269174
0.112386	0.205784
-0.118265	-0.033732
-0.0667938	-0.0167477
5.18085	1.12625
0.00581861	0.728316
0.0736934	0.13522
-0.205902	0.0117219
-0.322397	-0.0308986
-0.0550951	0.0677421
-0.0212131	0.154109
3.86637	1.81722
0.295033	0.232202
0.507511	0.0158159
-0.243094	0.0871336
-0.206034	-0.137088
-0.108296	0.0329081
-0.00961445	-0.0526532
4.19927	0.751455
0.0449556	0.168153
0.0816679	0.289775
0.0798433	-0.179909
-0.0754998	-0.138437
0.0153295	0.0406092
0.0523764	0.0774937
4.58653	-0.676765
-0.105978	-0.0500215
-0.488048	0.150815
-0.175757	-0.285118
-0.168491	-0.10112
0.00736739	0.160145
0.0169509	0.136312
4.14448	-0.0750915
-0.429942	-0.148753
-0.293892	-0.144566
-0.293557	-0.307812
6.90232	0.272208
-0.306892	0.734083
-0.244604	-0.0367449
-0.534522	-0.0330608
-0.00868038	-0.341886
-0.00499052	0.0551379
0.0606142	-0.035726
4.39285	1.79763
0.0634138	0.399053
0.246958	0.336675
-0.0518152	-0.0836637
-0.0694428	-0.154366
-0.114508	-0.0526693
0.0609098	0.168707
5.19974	0.37964
-0.247851	-0.0219538
-0.323565	0.353291
-0.317614	-0.67494
0.00204307	0.141653
-0.0121348	0.0712769
0.0148862	0.08272
5.23674	1.555
-0.360903	0.177301
0.10145	0.150469
-0.174011	0.0818404
-0.056984	-0.0382154
-0.0554485	0.173704
0.0536006	0.100469
3.1245	0.914626
-0.586526	-0.179879
-0.0540057	0.0983349
-0.315783	-0.0750479
-0.0721736	0.136345
-0.101065	0.0338073
-0.0929043	-0.00536905
6.94557	1.28773
-1.0527	-0.2556
-0.498327	0.377024
-0.184598	-0.271163
0.153196	0.125123
0.0378617	-0.130498
-0.213644	-0.00653112
7.14774	1.04607
-0.894367	-0.323954
-0.2956	0.399581
-0.549178	-0.254678
0.120417	0.00546041
-0.0694074	-0.272818
0.148031	0.0743128
4.67342	2.02722
0.263003	0.321009
0.18685	0.312948
-0.222937	-0.316943
-0.136748	-0.0516241
-0.115672	-0.0817728
-0.372638	-0.0974242
3.74273	0.597291
-0.57015	-0.0125722
0.0700627	0.107491
-0.171554	0.00992464
0.0538744	0.0784927
-0.109918	0.0469572
-0.00906789	0.145163
5.95244	2.13241
-0.943187	-0.238475
-0.500727	0.0463515
-0.0829698	-0.303517
-0.234548	0.0152341
0.108123	0.181001
0.0171376	-0.0181372
6.32532	1.8571
-0.857206	0.366277
-0.420894	0.0427242
0.169148	-0.616949
-0.260988	-0.0447244
-0.0223036	0.170946
-0.0106072	0.00753686
7.45675	1.24009
-1.17536	-0.279934
-0.660694	0.238288
-0.203717	-0.285267
0.148242	0.158978
0.130964	0.0218299
-0.0707561	0.00270905
7.32683	0.947697
-0.763066	0.186999
-0.267218	0.152215
-0.674811	-0.210609
-0.252295	-0.152352
0.0309741	-0.104205
-0.0379857	-0.0051245
6.12462	0.276806
0.480368	0.829989
-0.323741	0.361074
-0.075151	-0.344071
-0.333867	-0.0721399
-0.424707	-0.0611978
0.0560906	0.0295142
4.74757	0.73427
0.231275	0.666128
-0.266039	0.181221
-0.0873114	-0.317401
-0.37499	-0.149858
-0.244684	0.024053
-0.157382	-0.0908603
3.33584	1.11975
-0.617019	-0.0315488
-0.181927	0.153786
-0.0880005	0.102802
-0.036785	-0.00555015
-0.258479	-0.14482
-0.0248937	-0.0308657
3.06562	0.863932
-0.646422	-0.333078
-0.0437018	0.167759
0.0390274	-0.0269672
-0.0335303	0.0932015
-0.0379824	-0.0853432
-0.0205665	0.226707
6.51319	1.70411
-0.876803	-0.0455424
-0.577202	0.220239
0.0505181	-0.40887
0.0332403	0.158854
0.106073	0.11806
0.00576635	-0.074572
5.10958	2.0387
-0.547524	0.563612
-0.109599	0.0811448
0.030926	-0.57675
-0.172242	-0.0456615
-0.0864929	0.0507794
-0.0604843	-0.107117
4.25721	1.99924
-0.0363849	0.574527
-0.000600326	0.0827636
-0.413075	-0.121473
-0.254651	-0.275546
0.195648	0.0552861
-0.0373677	-0.0334758
7.51808	0.498798
-0.853067	-0.109142
-0.601009	0.278387
0.179231	-0.282725
-0.15063	0.0005655
-0.151541	-0.114969
-0.00502303	-0.033915
4.76162	1.86474
0.0279802	0.491421
0.0609845	0.346939
-0.0294764	-0.171426
-0.132129	-0.0673854
0.0299855	0.104568
-0.125015	-0.126719
5.71492	1.88404
-0.240364	0.114542
-0.177919	0.0560654
0.0531898	-0.220342
-0.114934	0.0127604
-0.257203	-0.119975
0.133679	0.0279154
5.73613	1.75001
-0.284364	0.0746169
-0.0416859	-0.022638
-0.00188629	0.0990966
-0.545412	-0.440488
0.0753234	0.0424163
-0.0597184	-0.0281848
6.2558	1.08014
-0.299249	0.595737
-0.312513	0.700908
-0.51039	-0.676032
0.176685	0.0492399
0.088105	0.0929492
0.109058	0.0580031
7.2266	0.753829
-0.791723	0.1078
-0.262927	0.0639322
-0.218448	-0.513386
-0.234134	-0.0411412
-0.201533	0.00243271
0.102354	-0.0477075
5.42226	1.91725
-0.500771	0.364369
-0.129855	0.0605082
0.138898	-0.141013
-0.203662	0.0379396
0.0165102	-0.00220723
-0.206886	-0.1444
6.75661	1.52787
-0.786838	-0.354018
-0.529978	0.384752
-0.180966	-0.463669
0.181143	0.0778457
0.121067	-0.0842884
-0.224802	-0.0769905
5.30644	0.0741706
-0.348218	-0.4523
-0.0564239	0.0602038
-0.242209	-0.00841189
-0.295594	0.014307
-0.0483368	-0.00542708
-0.17591	-0.0299737
3.33362	1.00706
-0.463723	-0.0811531
0.212154	0.31463
-0.30107	-0.312154
-0.225553	-0.192281
0.0591932	-0.0955083
-0.0370587	-0.0925689
5.96452	1.22971
0.146104	-0.455597
-0.165965	0.0253266
-0.0120311	-0.262854
0.0113212	-0.236131
-0.244113	-0.0952095
-0.0183615	-0.00827299
5.29338	1.511
-0.441321	0.00113712
-0.0128413	0.084942
-0.335465	-0.510115
-0.0169319	-0.0301147
-0.0734462	0.146507
-0.116307	-0.0612786
5.15806	1.26408
-0.162503	0.66283
0.109238	0.387206
-0.032306	-0.131042
0.192048	0.147059
-0.151849	0.0207163
-0.0790589	0.0706827
5.35336	1.6247
-0.418528	-0.00299374
-0.680185	-0.11182
0.0850468	-0.299707
-0.26823	-0.0101488
-0.133716	0.0991706
0.0248515	0.0678821
3.86331	2.00726
-0.158223	-0.173412
-0.196496	0.0275572
0.197028	0.0294358
-0.180518	-0.166341
-0.129547	0.160925
0.011504	0.0150275
5.34098	1.54988
0.40667	0.0634991
-0.474454	0.375785
0.0107788	-0.416976
-0.274532	-0.444956
-0.117252	0.043278
-0.110031	-0.147814
6.25596	1.26753
-0.690954	0.348478
-0.239917	0.00990045
-0.468587	-0.498842
0.0591559	-0.0652697
-0.0813426	0.0925991
0.025265	0.0109443
5.08506	1.3017
-0.375825	0.477208
-0.175901	-0.0468206
-0.263874	-0.0254831
-0.180379	-0.161125
-0.0753904	-0.0124267
0.0144944	-0.114448
4.65394	0.689326
-0.463472	0.442255
0.21441	0.411127
-0.402437	-0.251053
-0.0490992	-0.352867
-0.0721132	-0.106998
-0.0111464	-0.0509281
5.1904	-0.0960457
-0.803681	-0.0629684
-0.0544601	0.0282084
-0.12841	0.0527197
-0.184996	-0.109254
-0.0961346	0.0603761
0.167244	0.159823
4.74892	-0.191605
-0.678399	0.459441
-0.112963	0.427383
-0.0625286	-0.353736
-0.175232	-0.165773
-0.133758	-0.0749314
0.0423387	-0.065095
4.29694	1.86067
0.264504	0.375635
-0.0692222	0.188993
-0.282042	-0.321245
-0.308908	-0.137862
-0.0625279	-0.126174
-0.073986	-0.030764
3.31869	1.30528
-0.646774	0.026648
-0.209652	-0.103782
-0.0588784	-0.0780871
-0.232985	-0.254496
-0.0439686	-0.0185028
-0.100281	0.094316
5.94203	0.898419
-0.643709	0.698847
-0.285712	-0.212437
-0.25538	-0.180226
0.289758	-0.0165462
-0.0376432	0.0632692
-0.178185	-0.180792
4.71099	1.65239
-0.411175	0.183992
-0.0740143	0.436818
-0.0596795	0.037004
0.210607	0.440918
0.0539205	-0.00376278
-0.198971	-0.0709232
3.09318	0.820848
-0.715366	-0.176937
-0.205809	0.177679
-0.205814	-0.00640749
-0.0754364	0.208804
-0.0611505	-0.0287451
-0.147821	0.0269357
3.01006	0.75595
4.86559	0.0417743
-0.889862	-0.286405
-0.11691	-0.067004
-0.300642	-0.0797454
-0.199639	0.0304256
-0.189314	0.192864
-0.0906093	0.0448341
5.81481	2.33223
-0.446323	-0.366329
-0.810263	-0.0572677
0.12968	-0.254297
0.037156	-0.0134528
-0.0137784	0.0841057
-0.100945	0.131154
6.62173	1.62141
0.0301298	-0.545428
-0.539786	0.355108
0.205004	0.0775611
-0.269634	-0.308915
-0.0672001	-0.130796
-0.0442141	-0.172972
5.05986	2.00128
0.349783	0.499698
0.116715	0.158626
-0.33517	-0.42325
-0.0585451	0.081563
0.131966	-0.215938
-0.139503	-0.0969577
7.59555	1.14419
-1.02159	-0.183008
-0.0954917	0.0623401
-0.692015	0.0874113
-0.136892	-0.0961399
-0.174986	-0.00153479
0.00990698	0.0524816
5.24349	1.92464
0.0354568	0.453457
0.0468607	-0.210824
0.00552634	-0.386074
-0.344042	0.0763456
-0.408363	0.0534499
-0.0570847	-0.033538
5.9276	0.00777861
0.667537	1.00257
-0.364584	-0.14722
0.0420069	-0.321329
-0.343482	0.066359
-0.238293	-0.074008
0.0746491	-0.0769317
4.87717	1.79869
-0.0319669	0.761214
-0.152219	0.0260832
0.0144557	-0.469475
-0.20035	-0.0782641
-0.3169	0.00962563
-0.115611	-0.0389971
6.12467	-0.0656654
1.38729	0.71729
-0.371779	0.0877815
-0.0673779	-0.414253
-0.107601	-0.103091
-0.472101	0.0152182
-0.0561989	0.00730127
4.22506	1.11148
0.400619	0.439398
0.023863	0.198263
-0.0917809	-0.127185
-0.19072	-0.00984094
-0.0829879	-0.0372104
0.0437103	-0.0133732
5.47234	-0.365732
-0.874045	0.235392
-0.0950188	-0.398271
-0.362287	0.0331994
-0.0697133	-0.22163
0.109756	0.0978508
-0.153793	-0.0380329
3.16871	0.767121
-0.510627	-0.232769
-0.0301821	-0.123744
-0.368124	-0.168266
-0.00874039	-0.311883
-0.182141	0.00883634
0.0728558	0.0882134
6.86739	1.29008
-0.992474	0.578645
-0.222373	-0.171237
-0.446483	-0.430991
-0.119673	-0.132652
0.00383241	0.110754
-0.0358338	0.100135
7.02654	0.398775
-0.28148	0.984818
-0.366484	0.0249167
-0.253714	-0.350761
-0.538687	-0.101014
-0.176375	-0.0973927
-0.0908435	3.17909e-06
5.783	0.624809
-0.0313036	0.93375
0.225776	-0.0799567
-0.283261	0.000841321
-0.464375	-0.214451
0.0114002	0.0507645
0.128013	-0.0175981
7.03654	0.808077
-0.58603	0.709592
-0.196474	-0.0639199
-0.47107	-0.19387
-0.274269	-0.360058
0.068995	-0.208899
-0.146187	-0.0589798
5.23046	1.21406
0.0600766	0.368531
0.0830137	0.270029
-0.149493	0.136143
0.0445371	-0.174141
-0.0376413	0.152909
-0.0359008	-0.0463276
3.71637	1.41693
-0.0769072	0.750246
0.0423697	0.180814
0.060376	-0.252702
-0.23855	-0.0204038
-0.0222226	-0.102243
-0.0553775	-0.0900411
5.55603	0.131618
0.71395	1.35135
-0.396965	0.166801
-0.0648142	-0.29244
-0.20707	-0.255565
-0.267083	-0.0355096
-0.128864	0.048493
4.42653	1.24146
0.256645	0.409651
0.166551	0.574941
0.0105983	-0.414298
-0.134422	-0.373581
-0.288579	-0.0969334
-0.138533	-0.0127107
4.4879	2.14641
0.338227	0.372888
-0.404431	-0.167795
-0.0538311	-0.376323
-0.0932945	0.0484656
-0.280014	-0.071766
0.00825452	0.00799236
5.19234	1.87659
-0.26275	-0.240768
-0.57349	0.25002
0.0144016	-0.114395
0.0805737	-0.171825
0.00118709	-0.0413076
-0.151564	0.00192776
3.88449	1.92669
-0.309993	-0.0212342
-0.194434	0.707373
0.0506882	0.0300104
0.156249	0.228843
-0.112172	0.00246266
-0.00588425	-0.051129
3.08348	0.626467
-0.756724	-0.172309
-0.0671269	0.184334
-0.104549	-0.0840546
-0.0261644	0.00544326
2.70561	0.674902
-0.739033	-0.332392
-0.236047	0.072197
-0.382661	-0.0261629
-0.354103	-0.231361
-0.00507868	-0.0642428
0.0591284	0.0698509
6.61122	0.808643
-0.18645	0.646965
-0.0271453	-0.0596069
-0.331773	-0.135559
-0.466816	-0.0931187
-0.116589	-0.142885
-0.124836	-0.0632473
5.56012	1.33561
0.273837	0.631943
0.255449	0.238422
-0.390705	0.0358302
-0.350109	-0.103768
-0.024339	-0.0240556
-0.0224209	-0.039851
6.28226	1.37919
-0.937574	0.425744
-0.18176	-0.0650669
-0.287714	-0.522321
-0.019953	0.0896244
0.063342	0.117885
0.0700652	-0.0348144
5.27508	2.1587
0.0087337	0.436278
0.0869876	0.000672177
0.0585564	-0.221917
-0.140242	-0.0432287
-0.0299833	0.0110252
-0.0762634	-0.163462
5.51128	2.07426
-0.210573	-0.24291
-0.166612	0.544385
0.0867633	-0.36606
-0.295073	-0.391397
-0.0399601	-0.0185796
0.0217672	-0.0656746
5.45522	1.75256
-0.114798	0.00666613
-0.291581	0.631549
-0.236407	-0.457052
-0.425411	-0.40109
0.16793	0.0351577
-0.188624	0.0349952
6.50631	0.774284
-0.451272	0.697145
0.104432	0.0698034
-0.32564	-0.446831
-0.257439	-0.32613
0.00946402	-0.115152
-0.201837	0.0055056
3.74045	1.55785
-0.3884	0.449913
-0.0683513	0.0838461
-0.051812	0.0661273
-0.128446	-0.169213
0.0381392	0.0181156
-0.0210567	0.11433
7.06575	1.35
-0.983581	-0.0672834
-0.279763	0.134566
-0.583397	-0.531634
-0.118436	-0.235283
-0.140955	-0.169351
0.0368418	-0.129919
5.10747	1.40236
-0.106837	0.774166
0.457523	0.133623
-0.743346	0.0139971
0.00349706	-0.335992
-0.18599	-0.0711854
0.205796	0.135866
7.20211	1.20423
-1.03989	-0.209727
-0.465006	-0.0528922
-0.247949	-0.399659
-0.107027	0.00162345
0.173278	0.245365
0.0139035	-0.150783
6.17757	1.95943
-0.690497	-0.125949
-0.0445399	0.0656107
0.116584	-0.230048
-0.123864	0.00201912
-0.250106	-0.204761
0.0629668	-0.0642929
6.05124	1.87451
-0.762335	-0.428582
-0.486392	0.25218
-0.0834302	-0.438783
0.120783	0.114273
0.177413	0.0116491
-0.0150563	0.133194
4.14783	1.91295
-0.704773	0.23262
-0.0115731	-0.00206057
-0.00378264	-0.180983
-0.0434271	0.114353
-0.0428709	0.00228542
0.0534638	0.209042
6.26505	1.31926
-0.587472	0.243453
-0.419333	0.308873
-0.382724	-0.53891
-0.0841149	0.142231
0.136098	0.149115
0.00710846	-0.0133005
7.12485	1.02486
-0.782203	0.24668
-0.145532	0.123157
-0.668559	-0.203731
-0.11843	0.00147241
0.166363	-0.050195
0.01113	0.029801
4.00404	1.43102
-0.378204	0.212514
0.00775435	-0.0242382
-0.283728	-0.15513
-0.182997	-0.0247871
-0.153378	-0.124819
0.0650257	0.0141018
6.62679	1.16134
-0.927547	0.342845
-0.208891	-0.0988063
-0.338775	-0.470022
-0.248689	0.135539
0.0637046	-0.0475796
-0.0158591	0.0475913
3.75871	1.64424
-0.512801	-0.0458003
0.0274702	-0.0358256
-0.197743	-0.271168
0.0211636	0.208413
-0.0994207	0.054786
-0.172989	-0.0991021
5.18402	1.86152
-0.840952	0.0197827
-0.205558	-0.0512844
-0.299553	-0.563265
0.0385198	0.0788149
-0.12645	0.0644048
0.0316157	0.200844
4.68905	1.6377
-0.162944	0.494006
0.295733	0.427315
-0.380692	-0.541956
-0.015469	-0.332658
-0.0410917	-0.0576742
-0.120343	-0.0197922
5.43495	0.582372
-0.00656649	0.989072
0.141734	0.125889
-0.154927	0.158092
-0.288682	-0.354733
-0.0361636	-0.230305
-0.0412936	-0.0858001
5.67826	0.318179
0.345299	1.21766
-0.110868	0.201775
-0.246092	-0.16703
-0.50228	-0.0615344
-0.135572	-0.267218
0.100049	-0.0850261
4.5292	0.281587
0.0747478	0.338242
0.100912	0.352377
-0.175915	0.156474
-0.205026	0.0282082
0.0252686	-0.268012
0.112681	-0.00335677
5.30412	0.438922
0.634415	1.25089
-0.334787	0.26454
-0.1533	-0.333762
-0.325455	-0.164986
-0.114501	-0.260098
0.0779931	-0.000843369
5.0328	0.734415
0.156909	0.690612
-0.171196	0.263248
-0.0340989	0.0550023
0.0456523	-0.0749616
-0.0112454	-0.268512
-0.057952	0.0140372
3.09966	0.653584
-0.429546	0.11663
-0.0828844	0.289978
-0.0384369	-0.0990824
-0.245026	0.00282679
-0.198948	-0.237031
-0.0623193	-0.0296288
3.00143	0.638182
-0.401671	0.0725173
0.160738	0.306389
-0.140938	-0.120205
-0.132893	0.154622
-0.0247857	-0.276909
0.215423	0.0852724
4.36029	1.61146
0.30642	0.658316
-0.0434481	0.367754
-0.0626184	-0.038827
-0.450351	-0.0343267
-0.0704735	-0.193558
0.125747	-0.0435686
5.18119	1.31397
0.000793458	-0.122644
-0.119996	0.347602
0.0614453	0.0437442
-0.0477753	-0.0834125
-0.29474	-0.185085
-0.179625	0.13451
5.95094	1.31942
-0.447525	0.252141
-0.169265	0.112742
-0.293442	-0.234623
0.0209767	-0.245369
-0.234465	-0.180618
-0.0736921	0.12606
3.89446	1.48967
0.0493062	0.172293
0.223789	0.0323604
-0.364429	-0.177735
-0.286768	-0.303662
-0.128728	-0.193302
-0.0279438	0.0463234
6.07235	0.0395992
0.13679	1.14769
-0.252583	0.0144865
-0.329193	-0.219235
-0.107498	-0.235922
-0.0515057	0.1032
0.000669286	-0.0618991
6.77196	1.5168
-1.26982	-0.268631
-0.373174	0.134891
0.0361245	-0.342192
-0.209787	0.0820631
-0.105863	0.0917975
-0.014792	-0.0347178
4.05959	2.07203
-0.0314627	0.304912
0.20287	0.155036
-0.0161371	0.0193514
-0.280301	-0.0991643
-0.0698764	-0.0285301
-0.248319	-0.0903656
5.53191	0.500579
0.665141	1.04131
0.253607	0.286218
0.132551	-0.280129
-0.289367	0.12923
-0.172369	-0.0737732
-0.112327	-0.109216
5.91391	0.818207
-0.262947	0.666528
-0.231418	-0.0706025
-0.403074	-0.384801
0.149409	0.0658731
-0.010299	0.115126
0.00187447	0.169229
5.42275	1.78862
-0.327825	0.408262
0.169475	0.3958
-0.15982	-0.103948
0.101065	0.130326
0.118191	0.285786
0.13542	0.0363591
3.93162	0.52977
-0.303934	0.201593
-0.175229	0.474379
0.0066932	-0.366277
0.0489442	0.191092
-0.0187853	0.0737024
-0.135172	-0.0694465
6.61979	1.26789
-0.840554	-0.37459
-0.340946	0.181455
-0.0175667	-0.335037
0.181811	0.0658029
-0.00445402	-0.156662
-0.254043	0.0344404
5.51726	1.50088
-0.387082	0.279991
-0.00566067	0.317
-0.318794	-0.266715
-0.120881	-0.14216
-0.00935522	-0.203752
0.00457883	-0.0166222
3.82409	1.76082
0.144105	0.459599
-0.0147302	0.151386
-0.196454	-0.188733
-0.131223	-0.0463919
-0.0385157	-0.0724631
-0.0367454	-0.0903545
3.25126	1.30795
-0.211487	0.336985
0.379142	0.443948
0.114593	0.0215371
-0.0932225	0.112559
-0.271884	-0.112956
0.0659485	0.0105122
3.03023	0.732003
-0.588063	-0.0838563
3.39146	0.898974
-0.75821	-0.151142
0.0884901	0.316658
0.0445973	-0.109728
0.177174	0.120477
0.0880178	0.0310488
-0.218122	-0.057022
6.48643	1.76755
-0.720385	-0.0891312
-0.289466	0.391776
-0.399052	-0.201305
0.156285	-0.0208345
0.0208586	-0.115849
0.0701742	0.0260699
3.78648	0.823784
-0.589372	-0.23526
0.16072	0.16685
0.045015	0.0896238
-0.0178773	0.138204
-0.0478284	0.0502201
0.0568727	0.0637134
6.91209	1.76729
-0.960981	-0.255956
-0.723924	0.224358
-0.373081	-0.574179
-0.0608725	0.00817504
0.176001	0.0358062
0.0111422	0.0410899
4.29551	1.80694
0.00168822	0.117292
-0.28124	0.30512
-0.46362	-0.203625
-0.142814	0.24731
-0.179237	-0.159506
0.0143394	0.0239485
5.85697	1.51606
0.155383	-0.161443
-0.202136	0.178298
0.0040464	0.0269169
-0.1643	-0.0519763
-0.147739	-0.328259
0.00127246	-0.0726051
4.83005	2.17477
0.320638	0.288225
-0.347874	0.119305
-0.0416207	-0.252985
-0.157075	0.165142
-0.0899627	-0.0584699
-0.239496	0.0904998
6.18054	1.73102
-0.263379	-0.37229
-0.90185	0.14477
0.0882548	-0.164517
0.0145992	-0.15211
0.207655	-0.0284531
-0.0344563	-0.0836308
4.82356	1.6497
-0.00782716	0.571723
-0.0530711	0.304176
-0.175217	-0.255458
-0.24139	0.0684726
0.103642	-0.375577
-0.175876	-0.101428
6.84899	0.900078
-0.790615	-0.35675
-0.191956	0.406911
-0.460202	-0.101308
0.159378	0.0670131
-0.0243763	-0.185424
-0.121635	-0.240736
6.18289	0.532844
-0.159024	0.43918
0.0682719	-0.0432412
-0.281758	0.107092
-0.255743	-0.135687
-0.222422	0.0558568
-0.102186	0.136974
4.0884	1.74205
0.1237	0.519462
0.331513	-0.113526
-0.202127	-0.105894
-0.436186	0.0151399
-0.0488527	-0.096299
-0.121911	0.163518
3.51866	1.54934
-0.0149429	0.265713
0.329275	0.412731
-0.0368635	0.0761139
0.00594027	0.253521
-0.0468813	-0.0215591
-0.0164231	0.0719824
3.10617	1.05957
-0.668757	-0.184916
-0.0353561	0.225572
-0.0554086	0.0722477
-0.0114269	0.0942536
2.56648	0.880643
-0.621219	-0.183301
-0.0219528	0.126319
-0.191129	-0.149133
-0.190574	0.0676755
0.071607	-0.142646
0.017557	-0.115913
5.00931	1.76239
0.209603	0.516952
-0.0571614	0.182887
-0.190746	-0.2512
-0.200046	-0.134588
-0.110421	-0.068682
0.0394341	0.11097
4.89913	1.90197
-0.291363	0.238551
-0.395532	0.518256
-0.144966	-0.685897
-0.269933	-0.0971787
-0.0590141	0.0385854
-0.0170885	0.0870388
7.16523	1.75347
-1.24614	-0.0646377
-0.439555	-0.0310923
-0.188156	-0.584652
0.0333418	0.0469343
0.116691	0.198325
-0.115071	0.0292898
5.86103	1.79511
-0.408336	0.0581461
-0.210009	0.325872
-0.0338829	-0.733694
-0.0294744	0.0470568
0.0858433	0.122022
-0.107717	-0.00429854
6.97289	1.73376
-0.779917	-0.419375
-0.397295	0.20387
0.0746397	-0.703705
-0.118416	-0.0922963
-0.146503	-0.0740364
-0.0397405	0.00730694
4.59945	1.73755
-0.297949	-0.00683586
-0.720675	0.321472
-0.0860307	-0.459921
-0.125879	-0.181717
0.0168824	0.0958984
0.0307233	-0.0456628
7.12515	1.27789
-0.924991	-0.0804835
-0.359464	0.0654422
-0.676608	-0.12534
-0.0753243	-0.241286
0.187248	-0.00815046
-0.00474893	0.0880224
6.28892	-0.148914
0.418589	1.17555
-0.309214	0.148802
-0.270703	-0.462805
-0.256171	-0.0314823
-0.225723	-0.0495249
0.0170511	-0.0523354
5.76452	0.268212
0.144685	1.53383
0.0230677	0.089556
0.0895771	-0.472048
-0.183983	-0.0449312
-0.211609	0.016822
0.111346	0.0171096
4.85144	1.77974
0.314304	0.709621
-0.172086	0.182367
-0.183335	-0.301854
-0.0936971	-0.155533
-0.0213813	-0.182942
0.063828	0.0925143
5.62647	1.15821
-0.377356	0.102852
-0.153969	0.333917
-0.207018	-0.565281
-0.137868	0.137073
-0.0225338	0.0377953
-0.160733	-0.102278
5.04131	1.35632
0.226796	0.347223
0.111122	0.512467
-0.231067	-0.244488
-0.0247377	0.0303304
-0.0338342	0.0368887
-0.326093	0.0514041
5.00951	-0.617203
-0.0336654	-0.348166
0.0744362	0.193897
-0.142953	-0.577198
-0.144678	-0.0191895
-0.146637	0.0687519
-0.2442	-0.0926357
5.03212	1.61615
-0.0612633	0.26585
0.283757	0.540771
-0.0980466	-0.237019
-0.135218	-0.0214263
-0.0301728	0.0812226
0.00651171	0.0759787
4.93593	0.569234
-0.00289895	1.1001
-0.101488	-0.0572854
-0.0621241	-0.276548
-0.243442	-0.242002
0.124407	-0.120304
-0.233423	0.0815598
4.30517	-0.143844
-0.248154	0.0543739
0.0414584	0.002474
-0.232968	0.195348
-0.0999666	-0.0828132
-0.205018	0.10781
-0.144504	0.143908
4.31961	-0.108439
-0.733363	0.337384
-0.0925403	0.18537
-0.158226	-0.329848
-0.29391	-0.136892
-0.131379	-0.164846
-0.000895427	0.0406689
5.7334	0.399642
-0.317646	1.16212
-0.148807	-0.10462
-0.425088	-0.24028
0.0190598	-0.274363
0.0718142	0.0737277
-0.046614	-0.10629
5.0019	1.27197
-0.29949	0.690355
-0.0869627	0.10073
-0.223835	-0.279406
-0.051921	-0.213504
-0.116509	-0.154555
0.165398	0.00912336
3.76193	1.71701
0.0698354	0.365721
0.123594	0.252206
-0.13946	0.0629214
2.93049	0.648671
-0.521759	-0.0558948
-0.179856	0.255453
0.0519095	0.00305905
0.140887	0.116933
0.00697693	0.170621
-0.222663	-0.0704052
2.99332	0.785943
-0.640094	-0.0990019
0.166825	0.0902401
-0.0535053	-0.399837
-0.442836	0.00855026
-0.11728	-0.195398
-0.0345776	0.0868858
7.38931	0.319268
-0.643203	0.611225
-0.14275	0.110947
-0.646528	-0.421179
0.0137913	-0.273262
0.0168325	0.0604831
-0.157849	0.0539456
3.80258	0.956342
-0.409636	-0.000421824
-0.0890229	-0.0432113
-0.428973	-0.0638201
-0.47562	-0.263062
-0.105187	0.00531107
-0.13315	-0.0116182
6.70804	-0.246704
0.138907	0.921129
-0.0984545	-0.0112705
-0.204123	-0.336438
-0.108507	-0.273856
-0.134809	-0.0255901
-0.0140188	0.0580089
7.26675	1.20696
-1.25118	-0.0714501
-0.16309	-0.185057
-0.41085	-0.465594
0.0437122	0.136975
0.0525193	0.000230695
-0.0933545	0.194448
4.21889	1.89544
-0.253412	0.551697
0.14176	0.13387
-0.043414	-0.467199
-0.149651	-0.0741449
-0.278944	-0.162594
-0.00812566	0.0900412
4.96846	1.87146
0.0878236	0.457348
-0.264469	-0.117898
-0.350429	-0.0695773
0.100969	0.012034
-0.0755169	0.0534466
0.188062	-0.0596241
6.15781	1.60737
-0.74564	0.148766
-0.664993	0.198103
0.0640485	-0.152652
-0.124384	-0.0593889
0.151593	0.107425
0.00596563	0.0435321
5.95028	1.68125
-0.0327523	0.31485
-0.488106	0.0157076
0.14165	-0.0804668
0.0207272	-0.0119227
-0.0717779	-0.0630646
-0.0662219	-0.12337
3.96862	0.880292
-0.480871	-0.223403
-0.385235	-0.00162742
-0.159518	-0.139054
-0.218986	-0.404063
0.0968351	-0.00927817
-0.0594466	-0.00906875
6.20633	1.36135
-0.546159	0.157562
-0.152547	0.411565
-0.51887	-0.687279
0.0198946	-0.0681758
-0.0290525	-0.00109023
-0.13261	0.18799
4.65335	1.55528
-0.129685	0.440246
-0.0852967	0.382309
-0.0509953	-0.731646
-0.196711	-0.0783537
0.0893737	0.0576085
-0.0368414	0.202971
6.45565	1.37289
-0.626781	0.187665
0.0140999	0.34619
-0.407821	-0.00512042
-0.265519	-0.244093
0.181415	0.0990668
0.0382198	0.0859744
4.71315	-0.158111
-0.40904	0.170507
-0.263094	0.155536
-0.327679	0.127555
-0.346431	-0.154029
0.0233969	-0.323166
-0.115146	0.119575
5.40093	0.809964
-0.299938	1.03635
0.201513	0.148451
0.0907297	-0.148663
-0.166012	0.175932
-0.0135582	0.161952
-0.0506141	0.0686593
4.68002	-0.0428079
-0.790408	0.0639891
-0.240357	0.20326
0.105074	-0.101962
-0.2121	0.0730426
-0.00554228	0.0763396
0.0940298	0.0487152
6.07741	1.6744
-0.598419	-0.472122
-0.53435	0.0284403
0.0144007	-0.408773
-0.181424	-0.0853384
0.0709443	0.103566
-0.0523397	0.0177995
5.07697	0.796384
-0.485351	-0.0872821
-0.0660069	0.0693434
-0.244257	0.0219088
0.070806	0.0568404
-0.0978146	0.0408037
-0.186377	0.246489
3.47329	1.39996
0.275661	0.377991
-0.134915	-0.0163163
0.26539	-0.361571
-0.131608	0.0666526
-0.202978	-0.0696763
-0.142036	0.0219196
5.78863	1.53638
-0.583777	-0.259443
-0.345973	0.463031
-0.431991	-0.244151
0.0455078	0.0333727
0.149162	-0.206428
0.100089	0.0393287
4.44182	1.44578
0.2333	0.445342
0.117477	0.501938
-0.081058	-0.0367957
-0.134105	-0.203114
-0.139325	-0.254932
-0.086885	-0.0299415
4.66714	1.63741
0.411136	-0.244008
-0.10024	0.0046722
-0.180831	0.093304
-0.298901	0.0812851
0.0171283	-0.174812
0.0578325	-0.100723
4.90096	1.36789
0.517649	-0.253982
0.0206079	0.42067
-0.0157863	-0.413765
-0.112342	0.00688855
0.0233264	0.0141801
-0.15916	-0.00649169
4.31089	-0.510482
0.291746	-0.595468
-0.0150517	-0.0482411
-0.172629	-0.101016
-0.115049	0.0469716
-0.040062	0.0902841
-0.136998	0.216498
4.0227	-0.519375
0.131852	-0.477765
-0.132347	0.146656
-0.0297441	-0.0380047
-0.151851	0.185863
-0.0517349	0.152409
-0.0200824	0.230195
3.26963	0.182628
-0.395071	-0.367076
-0.110896	-0.0727849
-0.0680723	-0.00876522
0.0266903	0.0861969
-0.0935142	0.026712
-0.0258595	0.132862
3.01115	0.576505
-0.786715	-0.256782
-0.058529	0.240268
3.46352	1.09265
-0.0288969	0.32134
0.0953546	-0.0907456
-0.150839	-0.167468
-0.236588	0.140784
-0.133946	-0.267252
-0.0348086	-0.0336137
6.15554	1.78985
-0.0609233	-0.0827551
-0.0191429	0.323688
-0.257044	-0.257404
-0.12983	-0.150952
-0.178593	0.00311206
0.0673531	0.0353967
4.50887	1.98845
0.0317849	0.372517
0.223848	0.111587
-0.0209616	0.158165
-0.0179235	0.00817019
-0.0957481	-0.036684
-0.134009	-0.0818761
5.65889	0.600722
0.349769	1.37626
-0.311678	0.0726733
-0.225171	-0.330925
-0.357865	-0.0902239
0.066003	-0.221715
0.0162429	0.141241
5.07128	1.20658
0.116703	0.351466
-0.137672	0.261965
0.16899	0.181031
-0.193411	0.00454521
0.0272304	-0.161077
-0.00437978	0.0323138
5.89677	1.08049
0.0948915	0.308855
-0.48763	0.150669
0.256819	-0.287907
-0.184224	-0.248269
-0.113762	-0.0588222
0.114527	0.076248
6.1746	2.15613
-0.358084	0.140587
0.0180057	-0.0434199
-0.01341	-0.244049
-0.0330747	-0.420036
-0.284484	-0.149869
0.0822792	0.0642308
3.83798	1.49527
-0.452549	0.110447
0.0876732	0.370747
-0.165777	-0.122489
-0.106369	-0.0321171
-0.0921417	0.00887094
-0.0172076	0.00118171
6.88044	0.888164
-0.618493	0.796912
-0.0544947	0.0183056
-0.410955	-0.456985
0.143419	-0.241693
-0.0834918	0.0533769
-0.0316335	0.192616
5.70582	-0.19467
-0.682022	-0.349584
0.033374	0.255135
0.0495847	-0.0452371
-0.246047	-0.0715989
-0.0842565	0.204201
-0.0657393	0.116447
3.61091	1.02328
-0.514463	-0.0839862
-0.520372	-0.276096
-0.415027	-0.253216
-0.0823972	-0.0889049
-0.342975	-0.0747661
-0.163075	-0.134908
6.01829	1.57182
0.0687552	0.19911
-0.114603	0.252851
-0.0828292	-0.329683
-0.231866	-0.0542778
-0.00738673	-0.21489
-0.249509	0.0497527
5.99146	0.165971
0.681685	1.09817
-0.167907	0.169958
-0.174949	-0.467764
-0.276412	0.0277066
-0.230334	-0.128304
-0.0359254	0.0463329
6.3252	1.13149
-0.405425	0.357679
-0.258085	0.227936
0.0164458	-0.537784
-0.458391	-0.0114476
-0.111621	0.184343
0.205332	0.00912999
5.41851	2.04232
-0.433183	0.221096
-0.235006	-0.0781675
0.0837495	-0.313397
-0.33836	0.0940805
-0.0605727	0.124148
-0.0546968	-0.148707
5.332	0.0377122
-0.097335	-0.358736
0.0226249	0.297221
-0.0739035	-0.115033
-0.123473	0.284434
-0.104451	0.0934374
-0.0343279	0.0389642
4.34167	0.0646599
-0.174597	-0.434939
-0.136594	0.216262
0.0111857	-0.246377
-0.201574	0.0953217
-0.238466	0.149138
0.182505	0.0533195
4.03386	0.378059
-0.549394	-0.435475
0.0800094	0.139878
-0.189131	0.125602
-0.0497755	0.154131
0.050003	0.0305589
0.180903	0.0222453
3.50301	0.728395
-0.867658	-0.397623
-0.230974	0.200572
-0.107927	0.203014
-0.212883	-0.0233344
3.78539	0.778397
-0.722346	-0.257319
-0.212569	-0.0168197
-0.149622	0.00569729
-0.0703543	0.206696
-0.0650981	-0.130215
0.0614731	0.000562119
4.72635	1.94486
0.29363	-0.0957264
-0.0783982	0.209788
-0.264255	0.0494554
-0.327629	0.00839987
0.0286671	-0.158352
0.0696675	-0.118322
5.15951	1.64603
0.0465394	0.316893
-0.192173	0.569801
-0.564525	-0.23133
0.196072	0.0618653
0.0775218	0.140571
-0.110085	-0.0422793
6.00168	2.11703
-0.00395231	0.0613538
-0.00634876	0.29336
-0.0796815	0.0549907
0.0803496	0.207959
0.0679177	0.0117957
0.00202935	0.0305749
6.12631	2.41225
-0.805621	-0.198095
-0.384657	0.232132
-0.100799	-0.595546
-0.222758	0.0434105
0.0835393	0.0314773
0.0720414	0.105152
5.84227	1.43958
-0.185315	0.511515
0.00880504	0.0834962
-0.346256	-0.220061
-0.0986885	0.00390728
-0.126776	0.116009
0.0766267	0.155387
5.09964	0.0438204
-0.448086	-0.0420666
-0.268892	0.114172
-0.0867791	0.00725292
-0.0738121	-0.440452
0.0162254	0.177365
-0.226653	0.0189896
6.30846	0.481402
-0.371342	0.824002
0.0619144	0.234233
-0.507196	-0.626941
-0.13125	-0.143463
-0.01564	-0.137159
-0.156645	0.115587
4.90185	1.07879
0.136832	0.270894
0.0901691	0.304477
0.0453444	-0.718858
-0.12599	-0.00902022
-0.0170843	0.279128
-0.0120281	-0.0797071
6.20267	1.98039
-0.388727	-0.276072
-0.285612	0.13632
0.14619	0.0100554
-0.0442072	0.0649716
0.0510352	0.0794995
-0.00765357	-0.0161771
5.17863	-0.137677
-0.854062	-0.301634
-0.160794	0.192593
-0.0226743	0.156488
-0.131804	-0.113476
-0.0850411	0.170756
0.00240457	-0.0114295
5.82292	2.06957
-0.0152952	-0.185229
-0.742872	-0.369605
0.00150216	-0.121387
0.0449259	0.180753
-0.258027	0.16269
-0.200416	0.0773334
6.48461	1.57688
-0.0909553	-0.703058
-0.370455	0.435758
-0.290097	-0.170174
-0.285595	0.0577601
0.144039	-0.339216
0.0505881	-0.0344464
5.08766	1.68023
0.0193512	0.586891
-0.0319927	0.252319
-0.234033	-0.428026
-0.129044	-0.047726
0.0363265	0.00604989
-0.146294	-0.137097
4.48873	1.03645
-0.542372	-0.793588
-0.269597	0.067049
0.184479	-0.129313
-0.088002	0.0875172
-0.0350531	0.217936
-0.181276	-0.0576142
6.59063	1.53492
-0.518225	-0.47606
-0.709852	0.0836839
-0.134865	-0.112439
-0.186689	-0.0815253
-0.00889915	0.170715
0.00555681	0.012619
6.87453	1.44208
-0.591209	-0.44132
-0.496564	0.0926626
-0.376014	-0.419426
0.0835449	0.031398
0.136343	0.0253946
0.00707479	0.140909
6.9028	0.459537
-0.144494	0.968995
-0.233238	-0.0121292
-0.320015	-0.236299
-0.172193	-0.526544
-0.031265	0.0131452
-0.00497724	0.00506598
6.97872	1.10748
-0.842289	0.204375
-0.165788	-0.0506798
-0.218712	-0.491054
0.0218439	0.164887
-0.0157789	0.078151
0.160908	0.00671057
5.53747	1.04595
0.057093	0.902936
0.0653543	-0.0464069
-0.115005	-0.275325
-0.22819	-0.114139
-0.240266	0.0538309
-0.121625	0.0111192
5.50477	0.307082
0.688941	0.697291
0.0139415	0.191063
-0.0966652	-0.474775
-0.364393	-0.173495
-0.182154	-0.0409837
-0.130598	-0.0581844
5.08867	1.82468
0.218713	0.303744
-0.105607	0.0216717
-0.0275137	-0.26209
-0.213924	0.0502567
-0.345355	-0.252324
0.020987	0.136632
5.03831	1.96138
-0.248011	0.187697
0.227277	0.42328
-0.468915	-0.509617
-0.252283	0.0996208
0.118968	0.047356
-0.138932	-0.118742
5.11682	1.98468
-0.42447	-0.298601
-0.190543	0.402607
-0.0150775	-0.140229
-0.00918482	-0.173984
0.0745411	-0.166195
-0.0234995	-0.0295734
3.82135	1.72566
-0.169299	-0.0512524
-0.0469593	0.176635
0.0250194	0.0636414
0.0243202	0.16022
-0.027825	0.0708888
-0.0658398	0.0267474
3.16163	0.705738
-0.695911	-0.142638
-0.254396	0.143969
-0.0677567	0.0476569
2.90396	0.838762
-0.708992	-0.0907401
0.0102422	0.142858
-0.032944	0.0700618
0.115442	0.236919
0.0959805	0.117766
0.047195	0.097337
3.08478	0.553898
-0.860699	-0.219539
-0.0450428	0.0823924
-0.0247108	0.0574116
-0.152446	-0.142958
-0.0464551	-0.0356774
-0.00327757	-0.125138
5.67722	1.66254
0.148764	0.0417778
-0.131498	0.167689
-0.092105	-0.125175
-0.111711	-0.181313
-0.188219	-0.0125151
0.0134565	-0.0114929
5.16856	1.44801
0.185326	-0.109889
0.174927	0.205132
0.0123093	-0.150191
-0.0452656	-0.0263781
-0.174976	-0.0128684
-0.0386257	-0.0574521
3.47477	0.849731
-0.449615	-0.23123
0.124635	0.240936
0.064569	-0.502807
-0.184261	-0.299978
-0.253164	-0.0986912
-0.254626	0.0241938
5.29971	1.71138
0.573801	0.129647
-0.487218	0.131005
-0.23729	-0.14998
-0.110663	-0.279148
-0.179811	-0.180712
-0.00763239	0.0762648
7.06923	1.29496
-0.542046	-0.198122
-0.430835	0.141226
-0.20649	-0.612913
-0.122659	0.124707
0.00203715	0.000426855
-0.13362	0.0545031
5.47679	0.96259
0.162068	0.183434
-0.0234307	0.339196
-0.1884	-0.273379
-0.0222855	-0.0141601
-0.082901	0.00841662
-0.0230891	-0.147263
4.72507	2.17833
-0.045377	0.447531
-0.12557	0.148035
0.239069	-0.308935
-0.10333	-0.0273248
0.00159854	0.196165
-0.0840946	-0.175841
7.0188	1.34489
-0.779905	-0.16464
-0.263741	0.21835
-0.545334	-0.345066
0.131288	-0.113141
0.022349	-0.105445
0.00162807	-0.0745598
6.23674	0.177004
0.6065	1.142
-0.424487	0.361779
-0.306464	-0.444788
-0.223194	-0.0276265
-0.207868	3.48913e-05
-0.158364	0.00980813
5.90761	-0.0681599
0.956197	0.881476
-0.332011	2.65276e-05
-0.343347	-0.11854
-0.369015	0.052794
0.0834585	-0.159057
0.226473	-0.0743984
5.11517	1.50128
-0.231899	-0.0426019
-0.0701949	0.337349
-0.535738	0.0607197
0.0685017	0.0298723
0.0952829	-0.221128
0.0101961	-0.18411
6.56589	1.3574
-0.684821	-0.389498
-0.333223	0.546475
-0.217279	-0.107062
0.197444	-0.0379388
0.130812	-0.173237
-0.173674	-0.236813
5.4259	1.48595
-0.320879	0.248801
0.0847144	0.405907
-0.203336	-0.11319
0.0514517	-0.0405069
-0.106314	-0.0995052
-0.0856213	0.0715475
4.4942	0.0216194
-0.462086	-0.386949
-0.326485	-0.136962
-0.363458	-0.0379456
-0.25626	0.0400388
-0.0192206	0.0904727
0.136084	0.201695
3.82363	0.759439
-0.399259	0.313225
-0.0306441	0.273397
-0.179115	-0.109092
0.0369792	0.0774724
-0.204809	0.120782
0.120542	0.166309
3.76941	0.984286
-0.396161	0.140203
0.0127485	0.226946
0.139461	0.177298
-0.183811	0.0107928
-0.129302	-0.140079
-0.0554482	0.157501
4.90614	1.89713
-0.353953	0.565859
-0.177955	0.0773952
0.21216	-0.133049
-0.0371527	0.0281374
-0.153753	0.240579
-0.362058	-0.197939
7.16851	1.16687
-0.821201	-0.653713
-0.353251	0.455577
-0.0824562	-0.224722
0.0290285	-0.0555859
0.261355	-0.239774
-0.015296	0.00581402
5.35986	1.64254
0.10809	0.295445
-0.124911	0.235836
-0.118569	-0.173814
-0.390858	-0.019148
-0.100185	-0.130475
-0.162146	0.118051
6.25122	1.53657
-0.1761	-0.0166898
-0.621562	0.270112
-0.130546	-0.455902
-0.217756	0.148452
0.153607	0.214915
-0.0978816	0.0696274
6.34557	1.7929
-0.246452	0.159937
0.196681	0.417526
-0.306388	-0.307313
-0.138066	-0.207391
-0.176274	0.00314828
-0.0997375	-0.147379
5.19379	1.04191
0.125664	1.3247
-0.359532	0.195787
-0.0346132	-0.52637
-0.184267	-0.137336
0.0479075	-0.0359074
-0.107721	-0.043529
3.361	1.12762
-0.497703	0.0852227
-0.135768	0.163172
-0.180468	-0.208625
-0.324017	-0.130846
-0.0213651	0.025009
-0.079567	-0.0533985
5.13854	1.86
0.516369	0.220039
-0.490588	-0.22055
0.204089	-0.194203
-0.585558	-0.286912
0.0673561	-0.0311914
-0.0458295	-0.031725
6.11687	1.80438
-0.861806	0.191173
-0.492892	0.10399
-0.0139857	-0.31674
-0.177439	0.160728
0.0677695	0.301238
-0.0439519	-0.148952
6.36748	1.61991
-0.928225	-0.41059
-0.338711	0.135498
-0.21482	-0.570718
0.305547	0.0796603
-0.0135086	0.0955661
0.104879	0.037274
4.79302	1.30155
-0.291555	0.669532
0.208629	0.0947985
-0.28581	-0.102226
-0.282647	-0.322822
-0.0165079	0.0443354
-0.131518	0.00981102
3.81232	1.69728
0.163449	0.52979
0.255346	0.264657
0.0918652	-0.0412889
-0.130677	0.0510685
-0.0658331	-0.00641719
-0.136079	-0.106826
3.45659	1.31459
-0.336095	0.0349685
0.122004	0.3063
0.16828	0.14071
-0.091701	-0.146571
-0.241422	0.0208966
-0.168054	-0.0170282
3.30499	0.412733
-0.778828	-0.251628
-0.048663	0.138748
-0.328632	0.17588
-0.0706138	0.0427246
0.019727	-0.235077
0.107867	0.119895
3.04519	0.633036
-0.859418	-0.151043
-0.142936	0.237307
2.56464	0.802967
-0.877701	-0.270689
-0.0753641	-0.0853991
-0.0794499	-0.0676313
0.0510614	0.131004
-0.178521	-0.00259198
-0.0899956	0.113468
3.25857	1.21487
-0.116143	0.118523
0.154488	0.332815
0.0215458	-0.404087
-0.0712709	0.0706291
0.0785674	0.15894
-0.0630801	-0.0761862
6.68355	1.78639
-0.451305	-0.270906
-0.181238	0.131851
-0.0177371	-0.0440149
-0.05884	0.187758
-0.0741552	0.227942
0.110688	0.207945
3.99068	0.880162
-0.35149	-0.248735
-0.47054	-0.286775
0.148367	-0.136169
-0.317659	0.317081
0.0283189	0.0508679
-0.0697203	-0.148912
7.23267	1.6211
-1.32438	0.115782
-0.32084	0.295562
-0.2076	-0.428008
-0.228306	0.118946
-0.179543	-0.0128934
-0.169325	-0.157529
3.81932	1.66218
-0.43805	-0.256459
-0.0336226	0.0465372
-0.0736135	-0.0369947
-0.0345724	-0.0609767
-0.19838	0.0274466
0.0458319	0.0466289
6.70293	1.867
-1.02992	-0.376426
-0.39415	-0.10535
0.201025	-0.160417
-0.171608	0.0404514
-0.177503	-0.153644
-0.0190877	-0.0839293
5.39563	1.97143
-0.441848	-0.562721
-0.491867	0.103933
0.187749	-0.179966
-0.0352753	0.130815
-0.0120703	0.118323
-0.23454	-0.231934
6.58512	1.3929
-0.808696	0.0252546
-0.00588944	0.173317
0.0454079	-0.648832
-0.311277	-0.0728739
-0.16131	-0.110195
-0.11571	-0.112304
3.53274	1.32844
-0.589606	-0.393061
0.0463703	0.160851
-0.319468	-0.540324
-0.0505255	0.179463
0.0623679	0.0283975
0.0187694	-0.0527256
6.58685	1.80344
-0.576384	-0.0164459
-0.273637	0.318211
0.155482	-0.597281
-0.233936	-0.25831
-0.136217	0.120247
0.112543	0.0326151
6.47695	1.81472
-0.723077	-0.182158
-0.677874	0.0293803
0.0792396	-0.439962
-0.224942	-0.158544
-0.0889855	-0.0396188
-0.0199863	0.16882
4.43384	1.8922
-0.096243	0.0895132
-0.00976798	0.23148
-0.100078	-0.127121
-0.0627348	-0.266761
-0.249597	0.0146896
-0.184185	0.0435267
5.62134	0.0479058
0.654808	1.02245
-0.305935	0.200371
-0.2066	-0.354663
-0.399339	0.0110573
-0.293998	-0.149959
0.0837755	0.0494054
6.47721	0.665657
-0.588836	0.473002
-0.238581	0.00238395
-0.476965	-0.343948
0.0809312	0.188319
-0.00253633	-0.0107305
0.0284749	-0.00259837
6.25914	1.4731
-0.814165	0.255561
-0.0105844	0.147719
-0.599995	-0.32704
0.047629	-0.0726457
0.0431485	-0.149613
-0.083162	-0.102983
3.55849	1.38721
-0.362531	0.121317
0.0471275	0.237578
-0.00453192	0.0790321
-0.0645458	0.10055
-0.153012	0.0250329
-0.15984	-0.0548225
4.60777	0.215679
-0.414734	0.375715
-0.0125001	0.411794
-0.445109	-0.444324
0.162184	-0.108146
-0.111006	0.0575708
-0.0597299	0.0219528
4.92443	1.83793
-0.427759	-0.123003
-0.0969895	0.439721
0.0502558	-0.147588
-0.103369	-0.0333389
0.0558643	-0.191592
-0.0130717	-0.00608623
3.91028	1.3902
-0.31049	-0.101577
0.118627	0.161652
-0.137435	0.0066726
-0.0386531	0.226726
-0.147012	-0.111724
-0.148342	-0.0164279
3.05237	0.624117
-0.696741	0.0148293
0.0408905	-0.0934805
-0.174071	0.0637233
2.37297	1.10827
-0.719573	-0.206325
-0.0998168	0.145574
-0.0482153	-0.00611399
0.0787594	0.217317
-0.0472192	0.109533
-0.038029	-0.0683506
2.91045	0.654689
-0.85878	-0.231864
-0.188256	0.188744
-0.153972	-0.0757877
-0.0667333	0.123767
-0.0434249	-0.00323055
0.00624216	-0.11562
4.66982	2.11472
0.262264	0.419652
0.0832098	0.274375
0.0469879	-0.294662
-0.165544	-0.00791554
-0.177448	-0.103413
0.0295663	-0.107106
3.2931	1.45557
-0.550721	0.204463
0.247606	0.262412
-0.105968	0.121453
0.18505	0.203635
-0.0776513	-0.0898781
0.0633821	-0.0955749
6.87306	1.88449
-0.900789	-0.289742
-0.291823	0.154083
-0.485994	-0.434153
0.0498242	0.0118622
-0.090725	0.015212
0.0285535	-0.0653284
5.35214	0.250327
-0.466071	-0.264456
-0.187807	0.228467
-0.278921	0.238727
-0.118732	-0.104698
0.065521	-0.0458686
0.0794267	-0.0360277
5.2009	1.48108
-0.455049	0.230246
-0.0874296	0.0108621
-0.709449	-0.178921
-0.167194	-0.248748
0.128549	0.157572
0.188873	0.00401107
6.6458	0.539242
-0.203682	0.531559
0.114572	-0.00368671
-0.394035	-0.055945
-0.0651231	-0.0806248
0.235498	0.187308
0.0502965	0.0148005
3.72878	0.733839
-0.690871	0.175209
-0.199742	0.0764427
-0.277652	0.0924779
-0.254862	-0.296836
0.102247	0.0387256
0.0560716	0.0542833
3.43639	0.62595
-0.56187	-0.0653852
0.00603368	-0.0292631
-0.0820457	-0.167262
-0.0337422	-0.0221892
0.00488314	0.0923278
-0.00288009	-0.019863
5.27601	1.79476
-0.814556	0.461405
-0.0540155	0.460579
-0.287492	-0.726281
0.0170907	0.125667
-0.0433417	0.0908339
0.00201896	0.144695
6.56675	1.45984
-0.751027	0.238801
-0.185602	0.540501
-0.092949	-0.895127
-0.166565	-0.139682
-0.0433872	0.222848
-0.0261639	0.0859323
6.65078	1.6807
-0.63516	-0.280941
-0.541101	0.014149
0.0364578	-0.665315
-0.0892493	0.0296591
0.119095	-0.0169442
0.0556595	-0.0366442
4.80534	1.27326
-0.57852	-0.0536355
-0.710064	0.260535
-0.119858	-0.520694
-0.141894	-0.013652
0.0708516	0.182944
-0.0657101	-0.0807354
5.35225	1.74492
-0.446029	0.383662
-0.0259897	0.351917
-0.173647	-0.253765
-0.0429695	-0.0371792
0.0652159	0.0505207
-0.0339513	0.147008
3.46344	0.941748
-0.493809	-0.151806
-0.128831	0.149008
-0.116129	-0.219271
-0.13585	0.0253879
0.175375	-0.0988398
-0.0534918	-0.00457667
6.11658	1.87322
-0.785852	-0.186547
-0.592628	-0.221158
0.104569	-0.101463
-0.271497	0.115481
-0.170675	-0.0345531
-0.0330929	-0.110076
5.02414	1.75813
0.121527	0.0937573
-0.434406	-0.11303
-0.119892	-0.0625377
-0.108838	-0.419783
-0.203679	0.0538663
-0.00342385	0.00343571
6.11148	1.7907
-0.81769	-0.191879
-0.0846515	-0.123679
-0.0241403	-0.255241
-0.0959409	0.344564
-0.0411671	0.0618688
-0.286108	-0.19608
5.92501	1.48772
-0.807412	-0.16136
-0.106622	0.310535
-0.5332	-0.318705
0.0312022	0.0591635
0.0359103	-0.185317
0.0415984	0.139445
4.01734	1.69152
0.141978	0.386034
0.149852	0.227672
-0.303735	-0.257498
-0.175851	-0.0130158
-0.0636993	-0.108652
-0.0836527	0.0146303
3.36725	1.50097
-0.133301	0.0664487
0.134616	0.30466
-0.305889	-0.16821
-0.194524	-0.142144
-0.0839145	-0.121391
-0.0873785	-0.0655364
4.38473	-0.376038
-0.486236	-0.0994308
-0.156452	0.0114149
-0.266241	-0.170705
-0.0134376	0.0631006
-0.140117	0.232198
-0.0906663	0.0884809
4.19897	-0.0772727
-0.654985	-0.349347
-0.0338426	0.0482748
-0.0721695	-0.238511
-0.100418	0.0567752
0.0245562	0.0832145
-0.0573434	0.0142762
2.9962	0.611498
-0.770087	-0.223505
-0.204562	0.00949828
-0.063025	-0.0542876
-0.00828352	0.0935206
-0.0583617	0.122034
0.0942325	0.046028
2.86228	0.813325
-0.816193	-0.297206
0.0637053	0.129835
-0.20854	-0.11126
0.024499	0.319202
-0.204643	0.168664
0.0338227	0.18169
3.01567	0.86037
-0.731269	-0.198968
0.0296078	0.222659
0.155686	0.17498
-0.0483553	0.0964717
-0.0496295	-0.123078
0.0821022	0.0452358
5.63596	1.51056
-0.706265	0.306914
-0.498282	0.381216
-0.155855	-0.733553
-0.124761	-0.0688827
-0.022618	0.154098
-0.0225005	-0.133215
7.64885	1.1595
-0.87489	-0.69851
-0.0776125	0.167426
-0.202091	-0.24611
0.187856	0.0888453
0.0932452	-0.124116
-0.114024	0.0197497
4.97277	2.02279
0.0708011	0.228451
0.420595	0.424647
-0.235471	-0.31364
-0.0246379	-0.0172666
-0.156401	-0.0931106
-0.0928481	0.00803484
5.28212	0.30179
-0.770928	0.111794
-0.0745003	0.0413935
0.073957	-0.00206431
-0.0672693	0.109559
0.217396	0.0704757
-0.144502	0.0647094
3.11592	0.8913
-0.524341	-0.148389
-0.141288	-0.0342856
-0.227181	-0.26214
-0.0388898	0.0335541
0.0605339	0.0471149
-0.00124372	-0.00241687
6.92997	1.44549
-1.03684	-0.159077
-0.309221	0.262034
-0.321254	-0.610851
-0.0315693	0.131903
-0.00535475	-0.0959546
-0.156237	0.0496976
3.6239	1.24626
-0.139388	-0.0931967
-0.24445	-0.0137681
-0.201925	-0.285882
-0.424516	-0.329869
-0.114206	-0.0294289
-0.0974466	-0.0646866
5.18901	1.45433
0.241872	0.124893
0.2896	0.248309
0.0835115	-0.0984338
-0.143257	-0.0489218
-0.142614	-0.0450906
-0.0656899	0.0854952
5.08197	1.70917
-0.432551	0.269198
-0.127275	0.472636
-0.171845	-0.651866
-0.234244	-0.0838452
-0.0142665	0.119158
0.0876387	-0.0159013
6.40032	1.69372
-0.605132	-0.102687
-0.39134	0.161787
0.0813292	-0.62535
-0.451146	-0.286174
-0.172208	0.115349
-0.0537243	0.034447
5.63392	1.48748
0.024363	0.150937
-0.570899	0.339423
-0.0178716	-0.428838
-0.124402	-0.206695
-0.159861	-0.00438654
-0.183079	0.0716024
5.67392	1.64051
0.145085	0.0441806
-0.806713	0.0289663
-0.0299552	-0.394115
-0.32178	-0.0913238
0.0866325	0.197912
-0.00984069	-0.0117304
7.04232	0.80914
-0.753623	0.389252
-0.336685	-0.0854923
-0.614745	-0.222084
-0.0512408	-0.176122
0.0783356	0.200883
0.149661	0.0579214
6.77762	0.816248
-0.299048	0.462737
0.0465024	0.201811
-0.403311	-0.145054
-0.0280803	-0.320512
0.110472	0.0445138
-0.0881655	0.122411
5.41066	-0.441698
-0.482671	-0.000569636
-0.184916	0.170318
-0.202192	-0.111124
-0.0209478	-0.233603
0.0096639	0.015159
0.011183	-0.00461815
3.30435	0.869777
-0.568112	-0.0815893
0.0402236	0.118765
0.0722371	-0.325118
-0.233633	0.0602382
0.116889	0.104803
0.0216218	-0.0596487
6.71079	1.75365
-0.88884	0.372736
-0.437927	0.133591
0.193641	-0.631082
-0.222856	-0.0388618
-0.125403	0.0999641
0.147359	-0.031961
6.57207	2.08156
-0.799607	-0.384744
-0.246164	-0.25624
0.0890469	-0.0842591
-0.364739	-0.0636852
-0.283117	-0.219182
0.00123744	0.0638888
5.12489	1.93746
0.154619	0.340415
-0.722077	-0.252562
0.0822715	-0.166998
-0.0256402	-0.18265
-0.313477	-0.00436261
-0.0505152	-0.0768149
5.2664	2.06789
-0.213291	0.128977
-0.164264	-0.0947413
0.184837	-0.246543
-0.161816	0.118272
-0.170379	-0.0980256
-0.114936	0.0899903
6.21512	1.68297
-0.438453	-0.486715
-0.524859	0.149523
0.000926475	-0.200899
-0.10065	-0.0142052
0.0902116	0.157624
0.0373897	0.043531
6.35156	1.79399
-0.633087	-0.386436
-0.409964	0.0331327
-0.153389	-0.564366
-0.0319183	0.118855
0.102754	0.0725439
-0.0833457	0.0962404
5.15973	1.06229
-0.453064	-0.0544361
-0.28125	0.116803
-0.345058	-0.107352
-0.175839	-0.17666
0.0996338	0.0304928
0.0706291	0.205042
5.53117	-0.663972
-0.539854	0.251589
-0.311091	-0.102235
-0.125371	-0.0574707
-0.241211	-0.0855508
-0.227603	-0.143524
-0.0543669	-0.0813072
5.73834	1.46579
0.176284	0.16772
-0.630824	-0.234173
0.0442687	-0.361075
-0.166481	-0.0335856
-0.274178	0.0558159
-0.043575	-0.00141388
5.62043	1.9607
-0.229095	-0.0394716
-0.0940817	0.115406
-0.0408629	-0.145537
-0.101303	-0.188955
-0.275048	-0.0220974
0.0137247	0.0887006
3.98597	1.95637
-0.0284461	0.32114
0.0103392	0.0808552
-0.0988917	0.119048
-0.208072	-0.0994675
-0.124047	-0.0102201
0.0179014	0.115432
6.23399	1.67569
-0.589621	-0.515583
-0.486014	0.0056913
0.114844	-0.139982
-0.128996	0.251634
-0.0829029	0.101776
-0.31201	-0.129379
5.97801	1.30441
-0.516595	0.07132
0.114263	0.22165
-0.250677	-0.235553
-0.104535	-0.145274
-0.0230205	-0.219088
0.087647	0.155729
5.00221	1.3716
-0.419231	-0.0708749
-0.0300481	0.460693
-0.442812	-0.217207
-0.0971344	-0.10261
0.18183	-0.10209
-0.108539	-0.0308912
4.80108	1.94834
-0.0736415	-0.618327
-0.0736185	0.437045
-0.0468761	0.159171
-0.183419	0.164238
0.0571342	-0.0344741
-0.070471	0.0603959
3.30274	1.16632
-0.73836	-0.263167
-0.0430825	0.174631
-0.150508	0.0823419
0.0909127	0.0744837
-0.0383356	-0.0345789
-0.0972585	-0.0991288
3.18669	0.923884
-0.808399	-0.220099
4.59367	-0.307431
-0.657972	0.257115
-0.171786	0.40349
-0.186344	-0.656901
0.16337	0.0508536
-0.0165837	0.00640758
-0.144428	-0.0673246
5.96104	1.50596
0.00933678	0.446272
0.23882	0.133258
-0.169075	-0.405876
0.0539952	0.077316
-0.109818	0.0296156
-0.134772	0.0536661
4.96478	0.144426
-0.543748	-0.301632
-0.0457114	0.0602321
-0.0371594	0.0244957
0.0101633	0.103436
-0.0190058	-0.0705822
0.00976736	0.0388067
3.68614	0.611026
-0.182082	-0.109649
-0.180129	-0.220782
-0.124316	-0.191005
-0.353758	0.181844
0.0126238	0.141414
0.195046	-0.068725
5.17552	1.7259
-0.856406	0.173782
-0.491035	-0.0646145
0.260485	-0.428649
-0.117614	-0.239654
-0.0489152	-0.0135488
0.163568	0.0863086
4.95623	2.09129
-0.273107	0.396261
0.275166	-0.0416168
0.10921	-0.478819
-0.511983	0.103064
-0.0645981	0.00301585
0.0190847	-0.0751272
7.44763	0.451761
-0.776426	0.38572
-0.279468	-0.032087
-0.695627	-0.138965
0.042987	-0.320879
-0.0285822	-0.0629761
0.0222039	0.0319114
4.39899	0.93067
-0.45388	0.291931
-0.0842598	0.179641
-0.342116	-0.0744359
0.155181	0.0677411
-0.0656987	0.358055
0.00899048	0.0536488
5.51385	0.446726
-0.44242	0.306563
-0.0308584	0.250674
-0.567524	-0.567272
-0.0915694	-0.157627
0.0668487	0.0757669
-0.0670835	0.0223243
7.40688	1.23439
-1.13345	0.0409107
-0.217238	0.205187
-0.263316	-0.396491
-0.0359063	-0.0464755
0.0435347	-0.116055
-0.00794736	-0.00495066
4.60438	1.96537
0.258549	0.346459
0.165317	0.406306
-0.19154	0.0272692
-0.0135633	0.0991446
-0.0659329	-0.0657787
0.133117	0.0714114
6.62505	1.77859
-0.946577	-0.375856
-0.152964	-0.221922
0.12053	-0.160702
-0.305265	0.252549
0.0512802	0.225391
-0.00779495	-0.0237076
6.28879	1.73931
-0.440504	0.201183
-0.567082	0.0862121
0.0674361	-0.45548
-0.136392	0.0377644
0.0889846	0.12909
0.026818	-0.0734938
6.94412	1.78928
-0.791886	0.0717397
-0.556163	0.214857
0.131876	-0.386972
-0.271981	-0.0740394
-0.0368846	0.0975474
-0.049234	-0.113757
6.31623	1.82137
-0.691445	0.265587
-0.0819839	0.263739
-0.378808	-0.274168
0.0740041	-0.136874
-0.145512	0.00118658
0.0152367	0.106294
6.75277	0.777374
-0.523243	0.937443
-0.230122	-0.18463
-0.308115	-0.301032
-0.256813	-0.275992
-0.235822	-0.0285665
0.0459898	-0.0440558
4.61771	1.5491
-0.144985	0.584439
0.209653	0.248112
0.239306	-0.403749
-0.417279	-0.137079
-0.192731	0.0273241
0.0884874	0.0844483
5.33335	1.9784
-0.120276	0.143302
-0.380721	-0.0191779
0.0760368	-0.253613
-0.253183	-0.0644333
0.079986	0.0744074
0.0358129	-0.166523
5.73783	1.84952
-0.753294	-0.117679
-0.257801	0.188958
-0.162347	-0.584361
0.0797097	0.161111
0.0814887	0.0121003
0.0852472	0.243549
4.23083	1.33235
-0.443118	-0.0465733
-0.0461791	0.205067
-0.383178	-0.178692
-0.0995493	0.0205941
-0.153452	0.0245701
0.122119	0.0111217
4.79232	-0.119528
-0.585567	-0.125429
-0.26352	0.0966653
-0.244616	-0.212141
-0.204351	-0.0649397
-0.101255	-0.0402077
0.010116	-0.0140958
4.43521	0.428933
-0.846739	-0.45089
-0.241247	0.268198
-0.375429	-0.215568
-0.0799418	-0.0283477
0.0169252	0.0585541
0.0881581	0.00811925
3.2322	0.764518
-0.933355	-0.28957
-0.25195	0.141714
-0.0284032	-0.0582707
-0.1845	0.00575946
-0.0219473	-0.129068
0.0512568	0.04594
2.62992	1.04039
-0.782962	-0.250098
-0.213783	0.055585
-0.0434901	-0.151213
-0.0113336	0.0534993
0.0812339	0.0904164
0.0796284	0.0882568
6.84805	1.80742
-0.680974	-0.328285
-0.504266	-0.0340995
0.0449744	-0.213534
-0.152971	0.190163
-0.0737543	0.357043
-0.0459905	-0.0198047
6.46006	1.43448
-0.314979	0.0257007
-0.452309	0.298542
0.0334534	-0.358279
-0.0877798	0.368442
0.0414368	0.116077
-0.0402766	-0.137222
6.96742	1.4191
-0.879363	0.275101
0.0851382	0.196888
-0.301208	-0.590477
-0.155967	0.028838
-0.218995	-0.042643
-0.0412563	-0.00747081
6.43245	1.10768
-0.561538	1.04283
0.00234363	-0.00308392
-0.402931	-0.428142
-0.00737935	-0.0921706
-0.203033	-0.0481045
-0.213081	0.0257421
6.42469	-0.0735328
0.625303	1.21851
-0.263031	0.174864
-0.284518	-0.348362
-0.309786	-0.0186295
-0.34691	-0.277655
0.129452	-0.0235559
5.05397	1.96712
0.180468	0.509126
-0.076835	0.281392
-0.23494	-0.11215
-0.189365	0.0295133
-0.0704377	-0.0366518
0.0331194	-0.103335
4.93806	0.304288
-0.292057	0.0518647
0.00105311	0.390386
0.133452	0.0345223
0.00737405	-0.026018
-0.0644527	-0.093427
-0.0802964	-0.100903
5.56323	1.70061
-0.481916	0.0367324
-0.436863	0.146542
-0.00569713	-0.535737
-0.129831	0.100457
0.0157588	0.0482251
-0.108751	0.0718972
5.41177	1.84321
-0.516194	0.289938
0.0785968	0.102536
-0.207895	-0.0209888
-0.0378893	-0.0709436
-0.0647462	-0.0158966
-0.114906	-0.0292932
3.16578	1.15881
-0.653339	-0.284092
-0.0224968	0.136697
-0.0679706	0.0184875
-0.140475	-0.220906
-0.0675962	-0.109018
-0.0389219	0.00707604
6.08977	-0.258492
0.829017	1.13295
-0.161788	0.19138
-0.308891	-0.198051
-0.187202	-0.230446
0.146241	-0.0810787
0.126659	-0.0833246
4.00537	1.54765
-0.135388	0.507765
0.126212	0.270312
-0.0772767	0.219626
-0.150902	-0.0543683
-0.132984	0.0954183
0.0412474	0.0298818
6.35188	1.38253
-0.636328	0.0676863
-0.439026	0.38582
-0.398938	-0.467181
0.202481	0.0712387
0.105837	0.0767285
-0.150934	-0.00406365
5.21207	2.16781
-0.0642637	0.307409
-0.0823447	0.0397748
0.234321	-0.435767
-0.228444	-0.018499
-0.279915	-0.214549
0.0117191	0.0649147
5.56183	1.58082
-0.549798	-0.12903
-0.501483	0.152725
-0.0932022	-0.560485
0.0262172	0.123394
0.0563782	-0.0060873
-0.0858783	-0.120727
5.3251	1.45425
-0.49389	-0.0418512
-0.125641	0.144334
-0.25523	-0.14902
-0.235666	0.280463
0.0542132	0.0959948
-0.0188906	0.192813
3.24263	0.928073
-0.703999	-0.0849414
-0.0463547	0.0436216
-0.150402	-0.00777379
-0.261942	-0.362154
0.0673788	-0.144404
-0.0178831	-0.0330528
5.57505	0.429218
0.618206	1.23272
-0.379659	0.224967
-0.21572	-0.29417
-0.292029	-0.127341
-0.0534581	0.0432354
0.093425	-0.0827701
3.70701	1.40918
-0.186017	0.260388
0.159159	0.380598
-0.00336919	0.153143
-0.21621	-0.0509821
-0.24809	-0.0930351
-0.227177	0.0107853
3.59585	1.41095
-0.0792719	0.314821
0.260098	0.503709
0.137056	-0.0803347
-0.423411	-0.186627
-0.0230618	0.125812
0.101878	-0.00970478
7.17583	1.47541
-1.00557	-0.224793
-0.640837	0.26303
0.149542	-0.783941
-0.347435	0.0990352
0.0478072	0.0962298
0.0391658	0.0485667
5.31897	2.35516
-0.299977	0.0855973
0.112215	0.173541
0.139285	-0.346907
-0.447976	0.137344
-0.0740866	-0.138499
0.00176991	-0.0310844
6.57872	0.892493
-0.610399	0.39445
-0.401946	-0.0756135
-0.372402	-0.0503284
-0.196264	-0.0913068
0.238266	0.0252931
0.107668	-0.029256
6.67603	0.245611
-0.191051	0.682236
0.156571	-0.0922081
-0.30383	0.0759815
-0.440645	-0.00444339
-0.136351	0.0146559
-0.0661952	0.0380152
4.36578	1.57405
-0.043803	0.858673
0.460648	0.250099
-0.0165355	0.278634
-0.281508	-0.0511792
0.0671963	-0.285193
-0.178027	0.0282996
5.47906	0.793428
0.0441843	1.12449
0.094708	0.0958326
-0.0764899	-0.502879
-0.202632	-0.233163
-0.217408	-0.0111174
0.0154434	-0.144968
4.53769	1.97859
-0.501892	0.037714
0.383622	0.495503
-0.206359	-0.537145
-0.295189	-0.39056
-0.0298421	0.0534266
-0.00960504	-0.0264297
6.08786	1.41833
-0.228574	-0.0908291
-0.752462	0.134694
0.0618024	-0.164125
0.0345038	0.069298
-0.00473745	0.271326
-0.112297	-0.0630921
6.63575	1.40538
-0.391628	-0.539218
-0.799963	0.0268925
0.127295	-0.157737
0.0788279	-0.0721206
0.0278348	0.0545441
-0.113065	0.0329622
4.37557	2.08523
0.312208	0.0849378
-0.0427423	0.0660509
-0.205833	-0.100398
-0.0235052	-0.0708386
-0.10385	0.02584
-0.120437	-0.0984601
3.8601	1.91125
0.0801584	0.118268
0.215396	0.366843
0.00723213	0.222473
-0.0431586	-0.0103716
-0.0401692	-0.0627202
0.132157	-0.0943619
4.83609	-0.80706
-0.199609	-0.282762
-0.309154	0.104911
-0.376206	-0.162971
-0.275463	0.174826
0.0954877	0.00197728
0.0861715	-0.0178318
4.85284	-0.252173
-0.139285	-0.381448
-0.0426054	0.0876223
-0.345267	-0.181468
-0.277243	0.0794289
-0.0681237	-0.0839595
-0.0709351	-0.0365575
3.27848	0.555092
-0.715887	-0.217545
0.0692474	0.220989
-0.389836	-0.0537031
-0.124846	0.132053
0.0248558	-0.065475
0.200668	0.102789
