-24.165	-14.1594
-24.2774	0.465578
3.13193	-0.616078
-2.27125	-7.82193
-3.78868	-6.63392
-0.560969	3.42013
-0.894524	6.68988
4.9599	1.46037
0.618096	-17.1169
-8.72269	-1.86889
1.79644	8.85466
3.63392	2.48173
-7.21625	-2.61908
5.47326	10.217
2.17161	-6.16046
-4.85237	-18.5202
-16.9217	-21.4896
-16.4824	-34.1399
-33.1357	2.16033
3.14515	-21.3896
-25.8032	-8.75054
-5.70519	-9.42977
-12.4504	-18.2057
-23.3731	6.45911
13.36	-12.6895
-8.29948	-3.61063
-7.16216	-8.29302
-6.95703	2.18767
0.3633	-3.07106
-7.77445	-9.33724
-9.44991	-18.3797
-16.5796	6.6962
8.43883	-26.7725
-27.9407	-4.88925
-20.1773	-22.0141
-4.61374	-1.02986
-7.17114	-13.6241
-13.7382	-7.52041
-8.69818	-12.4018
-13.7121	-17.7585
-14.9331	3.66759
2.57247	-11.4
-13.028	8.05171
5.48526	-4.28794
-4.3057	-17.3887
-22.1051	-7.21857
-9.02135	-2.38471
-4.15549	-41.2471
-38.9823	-18.9706
-20.9913	-23.9791
-25.4869	-12.013
-11.0287	-4.73479
-6.70651	-11.7072
-9.38876	-3.58544
-12.1297	-9.99429
-9.70562	2.60696
-1.87648	-6.85691
-5.66447	-9.83167
-7.19342	8.54812
3.84996	-7.77846
-8.58046	-11.3795
-13.3458	1.36625
0.657136	-34.2248
-24.1553	-15.0203
-20.5606	-11.7196
-7.63574	1.0756
-1.97402	-14.552
-16.1569	-14.9133
-16.0537	2.24664
-1.21298	-21.2366
-18.9825	2.48788
2.01869	-15.3198
-16.1524	-3.16486
-3.19242	-2.28672
-3.23858	-16.9618
-16.3999	2.42969
-0.0488075	-7.70853
-8.71747	-28.7827
-29.4173	-24.629
-24.3704	-3.06985
-3.88251	-12.5925
-11.4035	-10.0385
-14.3809	-3.64757
0.196356	-11.879
-2.51747	-25.2214
-18.1934	-3.33144
-5.93215	-1.88198
-5.24072	2.15193
4.6695	1.7579
1.80526	-12.9726
-15.3054	-2.8666
-0.194944	0.419447
-7.66083	-10.0818
-6.55405	-8.28661
-6.76981	-11.5569
-9.53908	-3.85891
-1.00235	3.3519
6.13049	-5.74958
-18.1003	-2.73141
-12.4363	-1.11733
-5.75416	-16.6196
-6.9742	-7.49131
7.56498	4.30388
-2.15486	0.0281241
-0.717818	-9.60895
-6.61206	-17.6987
-14.9868	-4.54499
-3.46088	-17.1423
-17.9281	-7.35497
-2.91647	-13.5614
-7.60185	-7.29267
-2.01715	1.76113
21.8975	4.07941
-3.10097	-10.3153
-14.2352	0.173528
-4.01098	3.05051
12.9657	9.56271
2.28894	2.80771
-3.31556	7.24262
9.26827	-29.3247
-27.3012	-4.88657
-14.2753	3.45911
4.91686	-10.6429
-5.49859	-8.83345
-6.8569	-6.18061
-7.05457	-3.5506
-0.420254	-0.385202
5.68521	3.38214
-3.19522	-4.23278
-1.62899	-15.7252
-12.9558	-7.35221
-6.00026	0.530333
0.937914	1.38788
-3.40144	-3.1636
5.72011	-20.5361
-17.0931	-18.6244
-18.6112	-9.41992
-8.56825	-30.4203
-31.1835	-8.29545
-6.64639	6.47747
6.20504	-6.06132
-7.05907	-14.2706
-19.5614	-6.97333
-10.1279	0.445133
4.15319	-13.638
-10.8248	-1.18833
0.0700926	-9.06903
-8.52188	-3.92642
-3.51791	-1.41159
-0.274842	-5.25726
-5.01573	-19.4803
-14.9551	-2.10616
-2.15603	-6.71682
-11.7306	-3.55152
-8.06278	-9.05092
-9.80476	-18.2042
-21.9083	-16.9248
-18.0801	-8.44815
1.73221	-5.14901
-10.5882	-8.55901
-10.726	-3.45624
-7.7929	-13.8645
-15.2032	-0.362022
-3.46039	3.33439
-2.89585	-7.11804
-10.7358	-21.224
-24.8769	-10.1101
-9.77054	-9.67699
-0.243219	-6.04172
-5.12071	-19.1553
-16.385	-6.08924
-0.711966	-9.53918
-20.4334	-11.3421
-15.8108	-11.9563
-15.6414	-4.37008
-2.27477	-2.44134
4.53091	-5.85626
-7.55199	-16.0246
-1.93228	-5.34998
-7.37746	-15.646
-16.5725	-20.5039
-18.3155	4.78698
3.06272	-5.26271
-6.07787	-7.30036
0.995659	0.444043
-5.97677	-9.6339
-6.32063	-10.7596
-24.0767	1.81342
-0.479863	-1.37847
-0.551963	5.28933
-1.00502	4.50563
1.19645	4.72718
-20.3714	-14.5482
-9.65601	-1.44367
1.86349	-1.87624
-1.19857	-1.29006
0.401578	-2.99826
-4.02267	1.71815
-2.4979	0.0134506
-1.23013	-7.34071
5.39601	-2.43001
-1.68592	-4.97582
-1.8596	8.41502
4.65859	-1.867
-4.16241	-0.562626
-7.35425	1.75581
-2.07229	-14.9048
-12.434	-13.8615
-14.393	-10.1387
-10.6742	-14.5547
-19.3123	-24.8534
-18.2852	-0.991301
1.59205	-4.31614
-5.69124	-13.6856
-13.4219	-11.9062
-10.6588	-7.34034
-10.0063	-22.7198
-21.0765	3.31966
0.144039	-17.0791
-19.2028	0.13961
4.7537	-6.97714
-9.4391	-14.3774
-14.6231	-5.38073
-4.71688	1.98392
0.536367	-38.4861
-37.8815	-14.2082
-13.2934	-22.047
-17.0662	-7.68377
-9.92707	1.91009
0.168627	-5.81855
-9.03766	-5.02618
-5.87874	-8.71799
-7.56908	-14.2423
-12.6647	1.26038
7.98892	-10.5275
-10.3624	2.45492
-5.02022	-9.36535
-6.54227	-30.1209
-20.5089	-2.99366
-0.94262	-15.4474
-17.5642	-20.4018
-22.5199	-19.5092
-19.421	-2.38355
-0.213085	-0.696379
-8.65072	-19.2919
-14.388	-4.92978
-4.65297	-18.1922
-22.5189	-7.93056
-5.79026	1.52114
-2.33054	-9.96896
-10.901	-6.71614
-6.99388	-24.3511
-23.5676	-30.1709
-32.0112	-10.8546
-9.55542	-14.7698
-16.312	-8.68342
-9.3304	-14.6152
-20.5433	3.64044
6.43614	-8.47422
-5.97908	-16.7795
-18.9035	-7.70592
-3.68107	-10.1526
-8.1707	-7.18157
-5.64068	0.710527
-6.46799	1.21177
-0.97595	4.64163
5.40458	-14.6107
-18.5566	-24.155
-22.7736	-2.55619
-1.47786	-25.5572
-27.5983	-13.7333
-7.02388	-19.9258
-28.7641	-6.3833
-9.01066	-4.49393
-0.123846	-19.3343
-28.0023	12.1622
0.448063	-16.963
-16.6773	-5.89088
-11.2021	-5.61746
-4.6619	2.3582
-6.53342	0.723248
2.31654	-19.4392
-27.253	-21.0619
-24.3822	-3.54874
-0.206058	-24.3854
-32.6564	-17.1522
-16.9849	-0.261825
-0.210184	-2.92912
3.29602	-5.00259
1.11723	-22.6899
-21.168	-9.98075
-4.80161	-14.0242
-5.19769	-12.8871
-8.50164	-1.63258
-7.27039	-3.41409
-1.90537	-9.98629
-0.0176073	-9.01147
-15.5456	-21.6151
-20.385	-13.8036
-13.4749	-14.7649
-14.2211	-22.3962
-17.9999	-25.7938
-17.3557	-1.25484
-3.61123	-11.3108
-9.10301	-15.6627
6.39351	0.978806
0.378861	-11.4958
-17.827	-6.24499
-10.1098	-9.62541
-6.16918	-2.676
-2.71076	-1.94999
-0.301909	-9.59209
-9.66243	-6.76313
1.70991	-9.62545
-7.11556	-6.09434
-5.92344	-11.7383
-14.8523	-2.20583
-1.70376	15.1047
6.84031	2.69358
-6.52412	3.72685
13.779	-9.19193
-4.0354	-11.6446
-6.50999	-2.19255
-5.915	-9.47047
-4.52233	-13.8767
-11.932	2.55441
2.54627	-16.0621
-9.18585	-7.0489
3.137	-7.70334
-8.41918	-3.6304
-2.87024	-9.57001
-14.9055	-8.63583
-0.289473	-0.792563
7.12902	8.3134
3.7831	4.91992
4.35421	-3.24047
1.40933	-5.10116
2.52284	-8.94049
4.80849	4.636
-5.37645	0.319063
0.103516	-4.16503
-1.55398	-5.80386
-8.22593	-27.8512
-18.3757	6.83074
6.70738	-29.1515
-31.9523	-5.49927
-4.83576	-3.20762
-12.2833	-14.1083
-7.6711	0.291083
-5.701	-12.1627
-7.27283	-6.80087
-1.11421	-12.9583
-13.5526	-10.5754
-10.2166	1.09419
-0.624031	-5.34185
-4.99787	4.77728
6.92171	-5.39875
-4.8357	-5.2575
-6.99798	5.27818
2.4825	-12.6898
-7.01477	-4.65423
-14.5232	-11.8217
-10.5098	0.243869
-4.85646	6.49349
-2.90992	-5.74914
-3.59572	-11.6673
-8.87932	-16.5878
-15.769	-4.20826
7.94496	-17.2375
-12.6639	-4.10286
-1.68441	7.28985
6.92433	-9.91086
-8.6316	-12.1739
-6.25211	-4.3655
0.180424	-3.98443
-8.31929	-5.75495
-7.70164	-4.53239
-9.09169	-4.53434
-2.13526	1.6788
-13.9374	-1.02106
-19.7411	-14.1488
-1.46055	-17.178
-16.3311	-1.79913
-4.4508	-4.53338
-3.56899	-0.416611
1.12599	-4.57028
-3.98043	-16.5188
-15.8597	-32.8123
-31.7405	-5.25575
-3.82865	-17.3055
-26.1585	-9.02681
-6.68633	-26.5457
-22.4872	-6.84636
-3.61969	-10.6542
-6.07817	-18.1291
-9.48703	-8.93317
-6.6091	-12.9459
-9.03414	-8.94708
-15.8374	-0.982581
-0.609221	6.44828
5.06366	3.15598
18.0132	-13.4231
-25.4469	-15.7626
-21.1513	4.20287
5.71333	-6.0256
-7.81479	-5.60506
-1.52639	3.18478
-4.07963	1.11611
1.63973	2.99336
6.16612	-2.38681
6.34738	-9.0373
-17.7749	-3.33767
0.110558	-3.6696
-0.0918748	-8.94522
-8.60948	-8.58154
-5.03612	4.86725
-0.548566	-13.777
-13.1002	-5.83651
0.340306	-6.58855
-3.45344	-11.422
-8.75803	-16.7388
-14.1869	3.31226
11.2619	-9.6344
5.50799	2.30413
-8.7685	3.08496
-2.99822	2.9045
-0.304876	-1.13659
-10.8419	-10.1658
-7.09207	5.20182
-4.39021	-10.3944
1.09897	2.26836
1.94472	-13.6288
-9.69457	-30.2618
-32.0087	-17.5973
-16.5577	-15.801
-16.9265	-18.6529
-17.111	-22.2936
-21.0769	0.439871
-11.5787	-5.11064
-5.0658	-18.2086
-8.2323	-3.66287
-1.34868	-6.80638
-12.3092	-6.12366
-3.2786	-11.7311
-13.7209	-1.76725
-4.80479	-1.63119
-9.10697	-16.5607
-17.5652	-13.8917
-14.985	1.63602
7.70738	-28.8665
-27.4241	-22.3393
-22.0169	-30.985
-30.0985	0.47998
4.43487	0.298076
4.99416	-21.0245
-13.7084	-1.93543
-3.74269	-11.1013
-11.2929	-9.90886
-9.01327	-1.65835
-1.38515	-0.566005
-2.55016	2.45308
3.56103	-5.98227
-5.20207	-17.1457
-13.7264	0.731531
-3.52292	-5.15606
-11.7664	-7.67979
-4.25945	-3.8515
1.58591	-15.9794
-13.3237	-5.70631
1.09804	-25.259
-19.2261	4.85607
9.65383	-19.272
-19.1867	-17.3987
-15.7466	-4.29995
-4.6316	-5.38038
-10.4854	-0.82141
-2.95978	-19.0738
-28.0419	-16.3144
-18.4445	5.04337
-0.867591	-12.2537
-13.4415	-3.58501
-10.2079	-2.18892
3.76728	-8.20632
-12.4291	-12.3411
-9.69386	6.17109
5.3891	-13.6662
-14.5871	-4.93509
-1.52616	-13.0213
-11.8347	-2.30944
-0.996674	-12.7372
-14.7159	5.92046
4.33323	-8.3892
-5.12151	-15.4191
-16.8808	-9.63729
-14.011	-15.7278
-15.276	-6.51946
-2.45725	-19.8205
-28.0452	-14.8955
-15.1108	1.16737
2.77371	4.67997
-0.646558	-7.74588
0.0228024	-7.14989
-10.5566	-15.9666
-15.4483	-15.4963
-5.0164	3.33396
-2.28486	-2.52494
-3.26099	-13.4691
-13.6251	-30.1802
-29.5762	-7.12209
-3.32087	-26.1067
-30.1961	-10.5855
-12.0782	0.526627
-0.160496	-1.70934
-5.40301	-1.70792
-1.77379	0.730655
4.34638	-7.65023
-9.25644	-3.73102
-2.36089	-8.5873
-12.4822	-1.25187
-0.564816	-4.17348
-4.64675	-7.09526
1.63754	-11.9654
-11.2592	-1.00463
-2.92667	2.42862
2.89417	-22.4011
-21.3209	-26.0669
-21.0249	-12.2361
-12.3422	9.88428
4.08956	-6.29844
-23.6263	1.00648
3.44339	-12.4742
-4.81488	-0.982672
1.97934	-14.2561
-12.6733	11.2594
10.7225	6.65246
-3.44077	-6.2941
-2.45265	-34.7435
-31.8903	-12.2554
-11.6078	-3.42658
2.13045	-3.74472
-7.6393	-3.71872
-7.91537	-8.69815
-11.1659	2.40487
0.522995	-12.8429
-13.1376	-22.4448
-18.774	-6.5171
-5.33746	-6.97844
-3.27361	-3.6746
-3.95365	-10.3726
-10.6368	1.06873
-1.89422	-7.89547
-5.23718	-7.31191
-7.76524	-22.5995
-20.4804	-3.58745
-4.6324	-0.679552
-1.85683	-16.8385
-6.83813	-16.0648
-6.54533	-10.5478
-10.1055	-13.3189
-7.38814	-10.1436
-7.53343	-6.89767
-12.9217	2.54329
4.68007	-2.22092
-6.2226	-6.4447
-3.25144	4.23169
9.8911	8.77111
-20.383	-14.9499
-21.8745	4.76639
0.499513	-7.06365
-2.05904	-0.854107
-2.00988	2.56907
7.00273	-1.98148
-0.770245	1.67897
-1.60248	-1.29258
-2.5882	-15.6455
-16.2297	-11.1612
-10.3776	-5.69252
-1.99052	-0.048099
0.704161	-14.1067
-2.99029	3.98271
2.92817	-7.91268
-16.0856	-7.78103
-2.32047	9.04986
6.61071	-35.8258
-32.2075	-17.8102
-18.8335	-21.5374
-17.8781	-19.9786
-18.5121	6.1151
1.31871	3.50597
6.5804	-3.18252
-13.1052	-5.74237
-14.8961	-3.51068
9.74483	-16.198
-3.92323	7.33892
-5.48078	4.74756
-7.11284	-33.8762
-35.4236	-16.036
-15.8498	-12.477
-4.64937	-24.1867
-34.41	-12.4505
-12.8979	-2.75165
-2.60541	-11.0476
-8.33996	-11.8366
-12.5299	-5.39418
-5.57489	-15.2097
-16.908	-17.6503
-17.0773	-0.103764
-0.911041	-9.74489
-10.656	5.63223
4.53542	0.709119
-3.673	-7.0129
-6.64832	-16.9388
-15.2243	-0.012964
2.56518	-30.5894
-31.6829	-2.7079
-0.326471	-25.6701
-25.4132	-19.4617
-19.7219	-1.76246
-12.749	-10.3682
-10.7571	-9.24689
-16.6674	-8.68106
-5.01082	-5.50438
-6.52595	-14.0474
-6.65369	-10.1851
-7.72342	1.92614
-3.13119	-24.1065
-23.1874	-10.7691
-17.1671	-7.68196
-6.12524	-28.739
-26.3936	-9.68897
-6.17291	-5.80521
-7.46409	-2.98755
-4.21771	-12.6039
-10.7761	-25.217
-27.4958	2.80305
2.1673	-8.82353
-9.12605	-7.23175
-11.1059	-7.27661
-4.87938	-2.91091
3.27517	-4.71753
-1.96323	-34.5846
-35.2497	-13.6999
-13.0254	-0.199412
-3.21636	-34.3895
-38.5177	-19.9215
-22.3005	-18.7926
-20.0404	-18.4716
-20.7324	3.70778
9.27461	-12.9601
-11.3344	-8.33078
-4.37879	-14.0877
-9.49722	-15.5481
-8.91809	-3.8759
-4.05706	-4.63958
-2.03323	1.56212
3.24283	-17.3377
-14.3782	-30.8959
-34.34	-8.46287
-9.69011	-14.6236
-15.4199	-4.73
5.15939	-29.4503
-39.8091	-24.9434
-28.7984	-5.30834
-5.65055	-18.0712
-19.8797	14.5348
11.7591	-12.5744
-11.3914	-9.37544
-7.27557	-6.82571
-6.75173	1.69381
-3.21996	5.10724
3.98754	-6.46984
-5.75794	-17.0223
-15.5215	-12.7048
-6.47086	-21.0433
-19.7056	-5.96018
-7.90973	-22.0099
-17.5607	-9.28578
-7.08526	-8.26223
-12.371	-16.6656
-15.6762	-1.96879
-9.75424	-4.17053
-11.2073	-2.77054
-1.26494	-17.9389
-6.83171	-3.03293
6.4258	-4.44054
3.8956	-39.9265
-37.1816	-14.1413
-15.4954	-5.52389
-15.9874	-16.1123
-19.5339	-5.14989
-12.9514	-16.3268
-13.3907	-10.9534
-10.5362	-1.07768
4.36445	-3.39204
-1.30107	-7.66747
-6.62576	-9.45313
-7.81875	-10.0847
-14.5557	-1.97654
-3.99022	-0.975274
2.41534	6.80439
2.30603	-21.1689
-20.9492	-16.6412
-20.3876	1.80074
-1.57718	-14.1361
-9.50738	-6.17978
-5.68196	-6.46105
-4.81163	-2.2397
-4.26479	-21.0758
-9.25872	-17.0364
-18.5245	1.7479
2.94444	-21.1159
-22.3453	-7.17725
-7.60179	-1.88991
-5.19435	-5.54874
-6.29207	-3.84119
-1.01568	-24.8751
-31.2813	-15.97
-16.9074	-7.7998
-7.35921	-6.15738
-11.2283	-5.09896
1.51525	1.29031
-7.73805	5.76711
-2.9392	-3.05371
-2.34856	6.04291
-7.12653	4.82894
-3.32743	-5.39207
-8.92454	-13.7807
-10.4289	4.0701
-0.373302	-5.44303
-6.90149	-1.11569
-2.43312	-21.1114
-15.0788	-13.2995
-21.683	-6.09495
-7.32663	-25.5584
-19.9674	-6.05367
-3.11908	-30.1757
-26.1205	-14.7625
-9.36267	-0.16484
0.105357	4.88822
11.1467	-6.69617
-7.82488	-11.682
-14.0478	-16.3027
-15.881	3.42559
5.2407	-10.1459
-13.8333	5.23794
6.75905	-11.6125
-12.1489	-35.4958
-27.7406	-10.5371
-10.5172	-3.85622
-9.62336	4.08542
0.408637	-12.4763
-6.85514	-5.63224
-5.00776	-13.1939
-17.3826	-19.3745
-19.7747	4.68222
1.40792	-13.8458
-8.3043	-8.73712
3.74528	-4.40198
-1.55145	7.02086
-4.42719	9.00239
2.73441	-18.9187
-21.7045	-20.7124
-22.2171	0.489197
-3.82919	-3.68002
-6.32715	-8.05438
1.66873	-1.28175
-2.82656	8.10824
3.85033	3.25515
7.18037	11.0566
11.6581	6.40137
-13.9636	-6.21825
-0.909232	6.33949
2.28932	-8.735
-4.04306	-5.19298
7.96451	5.92862
11.9943	-27.5255
-28.2055	-9.9006
-14.5759	-11.1567
-8.47639	-1.9706
-2.73409	-11.6134
-0.87773	0.604416
-1.73167	-5.06476
3.37686	-1.85061
-7.30395	-3.71738
3.90088	-2.07022
-7.39932	9.07755
12.4899	7.93794
0.520486	-1.13732
-3.97243	-2.80983
4.07187	-4.34384
2.90928	-24.6433
-19.9421	-13.0564
-20.6729	0.301869
-4.55368	-1.08562
-9.32216	2.93173
-3.8205	-4.87863
-7.85321	1.37254
-1.50992	-6.21317
-5.50658	1.05096
1.3368	-0.769966
9.36861	9.96795
-6.52811	-1.78976
-9.74373	-10.0839
-14.0448	-10.8928
-13.0569	-5.88659
2.41851	-16.3711
-18.5884	-13.2257
-18.8621	-6.12356
-10.3144	-18.6769
-17.7724	-24.5348
-26.1566	-15.7526
-13.9352	4.7865
8.72979	-4.19864
-5.10278	-18.0977
-7.10467	-7.91897
3.10298	-10.8087
-12.3022	-5.83371
-6.13087	-11.0911
-11.7971	4.43133
-2.34166	-4.09424
-0.487218	-26.1734
-27.5788	-11.056
-10.47	-3.76803
-7.18827	-12.7513
-12.4595	-10.4652
-9.9594	-12.018
-12.6425	-3.09841
-3.4201	-15.5344
-9.50113	-19.2405
-21.4514	-7.61062
-7.58274	-7.32914
-6.32664	-8.26845
-8.76159	-0.815378
1.14759	1.0739
1.40575	-1.65461
-1.46898	-8.21883
-3.62735	-13.402
-10.1549	-7.37706
-9.26023	-20.369
-14.9503	-17.4364
-21.7842	-10.8864
-8.45614	-5.10448
-7.4522	-6.01832
-8.18205	-7.72588
-1.81247	-1.04893
-0.481044	-16.8433
-14.8379	-6.89957
-4.54525	-10.2553
-8.93192	-0.190568
-0.852068	-1.20403
-2.50019	-7.87934
-8.03578	-12.35
-9.06372	-10.4533
-5.58607	-7.57557
-3.32848	-3.59064
-9.5128	5.57172
-7.55744	-2.93813
-0.3072	1.96481
-1.46057	0.520454
3.00795	13.5656
-3.77276	-6.72505
-1.35297	-4.85816
-16.9158	3.78891
0.393815	-14.3895
1.66849	5.1506
7.70225	-25.2072
-16.0492	-12.5593
-16.9309	-6.86273
0.899863	-27.8038
-28.2804	-13.258
-17.7905	-26.4477
-20.8774	14.3155
9.43902	-14.7363
-15.0222	-2.54721
-1.7962	-6.21167
-5.28262	-22.0186
-23.6938	-5.98249
-4.20513	-8.55416
-9.82169	-3.43901
-0.775254	-7.31385
-0.506424	-12.6641
-14.2431	-3.16442
-2.96554	-8.36604
-9.74576	-18.9823
-20.5284	-21.4896
-18.6814	-18.1722
-17.2531	-0.785807
-0.287102	-6.11441
-1.51711	-12.0704
-8.12967	-10.3557
-15.6416	-2.39347
-6.1951	-9.35116
-11.0806	-0.110487
2.939	-7.68449
-4.78844	-3.36483
-7.12277	-6.44473
-0.919241	-32.5693
-25.167	-22.5256
-25.8995	-21.7021
-25.0159	-5.5017
-9.6475	-7.89687
-7.60056	-7.06148
-9.77648	-8.27582
-9.38227	-1.73047
0.915037	-4.5595
-8.26252	-7.28655
-8.47552	-14.9012
-6.61739	3.377
2.06175	-5.27513
-1.10348	-2.98359
-5.986	-14.2828
-11.4156	-24.964
-15.5808	2.26336
-1.49093	-18.6492
-14.0908	-11.777
-9.71484	-15.9816
-11.4482	-12.8346
-17.0442	0.0174652
-1.62988	-7.36308
-2.25077	-21.2609
-15.8271	-14.3285
-13.443	6.57859
5.73965	-0.177921
3.16056	-8.17594
-2.36386	-4.85943
-3.35378	-7.46097
-7.61961	-29.047
-26.5591	7.2079
1.38738	-4.43984
6.66174	4.05663
-6.87985	-7.93785
8.49873	-13.0377
-13.5989	-6.37925
-4.77399	-4.84337
1.56937	-15.1248
-5.0012	10.7353
2.71461	7.02152
-1.36183	0.951365
-5.9214	-3.89025
-0.709606	7.67594
2.42843	-26.2697
-27.9178	-23.0308
-19.6855	-0.452397
2.62525	-5.71309
-5.9115	-3.80145
-24.3581	-17.9568
-21.7348	5.90014
4.37639	-3.40327
-5.5264	1.34596
-5.08781	3.04595
3.021	-8.77539
-1.10354	-7.22428
-3.61232	6.76101
-1.74492	-4.38241
-6.75142	-1.62483
5.89371	-1.77138
-3.95362	-4.60794
-13.566	-2.83519
-7.06861	-3.43696
-0.217807	-26.9996
-20.86	-14.6481
-16.638	-7.91033
-12.8958	-12.0526
-13.3626	-11.19
-8.95607	-21.8192
-22.7163	-15.4617
-20.0643	4.51766
4.03811	-12.1642
-13.9513	-3.09039
-5.28716	-23.4786
-18.6313	-13.4496
-10.8578	2.45651
1.24573	0.0483332
-4.60756	-2.98543
4.02099	-10.2028
-9.31098	-12.383
-11.8639	3.27034
3.58506	-31.9324
-20.9264	-15.0111
-23.9287	-17.8262
-9.98375	9.69561
15.2611	-12.8279
-11.9162	-13.7673
-16.6073	-5.86594
-7.29493	-10.2155
-6.25971	-9.23763
-6.6713	-1.68034
-4.34144	-9.87268
-9.04088	-3.8677
-4.12757	-20.1169
-19.3266	-34.1387
-31.4945	-16.183
-17.0412	-15.3378
-16.4885	-12.1426
-15.0653	-20.5726
-14.1169	-10.1678
-2.5519	-11.6422
-4.74426	-18.3736
-10.3881	-9.63458
-11.6547	-4.97218
0.937179	8.16739
8.62931	11.4012
3.63258	0.395182
-0.864542	-6.49044
-4.26751	-11.9773
-10.6056	-28.0537
-24.0222	0.919393
-6.88559	-19.7349
-24.6569	-9.9453
-8.28177	-17.7883
-10.3597	5.80878
4.50148	-22.9491
-23.2396	-18.2094
-19.1823	-0.18061
2.07982	-11.1184
-13.0345	-1.75767
-1.6978	-5.22432
-4.0152	-7.44656
-3.85814	-6.0624
-7.27088	-9.42346
-7.7433	-23.4278
-18.47	-0.0701197
-6.83627	-9.26488
-11.1707	-7.96265
-5.91664	-3.09935
-1.82219	2.03612
2.27297	-7.27895
-2.23793	2.21172
1.11269	-12.5483
-14.1648	-0.943667
2.57628	-4.15259
-1.1896	-10.4378
-23.6615	4.96214
-4.63948	-10.2354
-9.36647	-14.3237
-15.0264	-4.96018
-7.77478	2.59235
5.36694	-35.6031
-31.5515	-20.6544
-22.9891	-7.94041
-8.08841	-7.66054
-7.25285	-7.49229
-8.13911	-9.55782
-10.7917	5.21369
4.8295	-24.2055
-26.4645	-0.90916
-1.50718	-0.0674186
-2.06619	-5.39389
-6.5172	-0.341094
-0.551817	-7.77315
-15.0608	-8.67422
-11.5721	-3.69655
-6.38428	-9.61479
-10.3139	-5.40044
-4.13205	3.6841
2.77711	-6.71711
-4.97974	3.01077
6.06903	-1.84313
-3.96109	-1.24567
-10.2096	-21.6354
-24.6932	-6.58457
-3.34591	-18.8412
-8.16845	-9.51035
-7.58152	3.45433
3.38857	-14.4716
-14.3311	-24.5964
-23.9843	-8.61647
-6.44408	-21.107
-13.5395	-14.5258
-23.7675	-19.1482
-14.3557	5.26232
6.0518	-8.88375
-7.14771	-12.0692
-5.97422	-3.00164
-21.8886	-3.40315
-0.650818	-7.28797
9.58326	1.37812
-5.06812	0.516996
0.879333	3.02229
3.63936	-26.9717
-26.5229	-27.5771
-25.8823	-1.19513
-4.46581	-13.2611
-10.6911	-8.5153
-9.74954	-5.84273
-3.4661	2.65193
-0.00678673	-15.3971
-12.8306	-25.2315
-21.249	5.87114
9.72409	-13.9907
-11.645	-7.12338
-5.58239	0.701313
-0.38001	-6.2945
-6.57073	-1.87659
-0.10971	-10.808
-13.0527	-3.28367
-0.714771	-8.68859
-4.18582	-15.2961
-25.8493	-13.8791
-15.315	-5.92418
-7.22516	-7.90669
-10.8274	-3.66353
-2.1005	-2.82172
-6.07037	-7.95879
-1.22137	-1.65028
-7.67608	-8.78568
-5.50299	-13.0275
-3.89702	3.6667
-2.82359	-10.8198
-4.09282	-18.4928
-22.143	-15.3809
-19.2619	-1.43819
6.1497	-8.98074
-8.11406	-3.99199
-4.18881	-5.73376
-4.23952	-4.07989
-4.22171	-0.423233
-3.39066	0.781901
4.83693	1.40593
-2.31765	1.08986
-1.26421	2.34844
4.8652	-3.14733
-5.72018	0.457415
-1.61204	-0.921778
-2.62918	-25.499
-22.6008	-20.9187
-16.5485	-0.667043
6.31414	-7.69921
-3.89	3.29551
-14.5429	-4.50221
-0.53643	2.96496
-2.99268	-11.3298
3.03805	-5.14099
8.64804	2.24666
1.10422	5.44474
9.80412	-0.411086
-1.34547	-2.09354
-20.5503	-15.1189
-17.8869	2.83476
3.23979	1.99184
-2.72956	-2.93836
-4.26344	2.05579
3.64593	2.32651
-4.46341	-1.35549
-1.36163	-3.79116
-3.23764	-14.6694
-9.01789	-6.13929
-4.707	-5.55074
-6.4249	0.4677
3.40442	-7.15426
-12.3097	-1.61281
-5.83189	-21.3422
-22.7517	-27.8478
-23.2806	0.625168
6.63208	-36.1046
-34.2228	-20.9937
-21.86	-3.5083
-0.319015	-19.8266
-0.970756	-6.99543
1.27906	-7.3785
-0.569707	-9.88594
8.08306	5.00271
-1.96628	-8.50606
-13.3808	-9.67239
-7.4057	-9.59534
-3.66703	-5.48666
-5.6757	-15.3287
-14.0474	-13.04
-12.879	-1.03146
-1.55692	-13.2482
-22.2012	-26.9217
-12.0075	-8.45782
-12.9277	-3.96036
-5.47896	-7.20513
-1.21568	3.77989
5.82059	-13.0324
-8.37176	-15.8962
-26.3635	-2.92042
3.52242	-9.52107
-8.66582	-9.35604
-11.0458	-4.03865
-3.26602	-11.8728
-11.484	-12.1887
-4.09537	-9.25864
-8.11857	-21.2538
-16.1012	-24.3368
-25.8281	-1.66883
-0.280871	-3.13799
-3.72416	-4.05641
-3.52075	-8.46571
-11.3512	-13.7889
-7.20681	-15.083
-10.758	-3.60049
-2.28229	-6.85904
-3.89641	-14.5321
-10.6599	-3.16974
-2.31096	-6.7875
-5.75894	-9.32549
-11.2024	-6.96845
-2.21525	-24.6018
-23.144	-6.42011
-7.43107	-24.8073
-22.8424	-13.7662
-7.23829	-9.66127
-8.77001	-16.9366
-13.6323	-3.62055
-5.82445	-10.9851
-12.2198	-7.40296
-6.5344	-4.69603
0.190265	-3.11618
2.48755	-0.306127
-1.22624	-33.408
-35.7831	-5.10268
-12.3825	-11.7239
-10.0572	-19.638
-15.4564	-1.45383
-0.511729	-8.92637
-21.6506	-11.5627
-14.3814	1.19291
2.86851	-17.0301
-19.2292	-0.272491
-1.61181	-12.1649
-9.68543	-4.13863
-3.99771	-8.43912
-10.9179	1.14244
3.15569	-4.94751
-3.72306	-17.3074
-17.653	-9.14859
-12.8691	-2.36976
-3.56792	-39.1624
-36.653	-10.907
-10.6615	0.376047
1.49487	-7.74243
-5.1978	-8.72432
-13.6785	-9.71433
-11.2201	-3.69535
-2.11906	-16.0619
-15.0036	-13.1183
-14.1661	-7.25704
-3.59924	14.3123
12.2282	5.03808
5.53034	-10.3786
-9.68365	-16.3436
-17.7048	8.09832
8.35353	-28.8637
-27.6917	-16.1704
-15.1795	-22.741
-26.5889	-5.14616
2.2385	-18.7685
-20.7459	-10.3575
-10.5749	-6.47573
-2.80104	-21.6816
-21.2572	-6.10521
-5.96848	-8.35205
-12.6044	0.552807
-5.73601	-5.29858
-2.41029	-16.4888
-19.5387	-3.46569
1.98056	2.22709
2.04489	-10.4516
-13.1839	-26.2973
-20.7301	-3.05265
-4.98791	-5.74268
-7.04854	-3.70257
-5.03555	0.709894
-0.737976	-9.3779
-4.13591	-20.1303
-20.365	-8.20506
-9.34458	0.354001
0.690229	-3.45459
-2.79131	-4.55119
-2.77358	-12.945
-12.0478	-20.7714
-22.1779	-16.7744
-20.025	-13.9871
-16.1101	-16.6012
-11.5728	-27.4104
-27.9445	-1.85728
1.44863	5.30484
6.35444	-9.68304
-11.8601	-11.441
-8.35693	-15.0028
-13.2328	1.21678
-2.46659	-13.8139
-14.3645	1.50089
2.34046	1.56423
0.382917	-15.2387
-14.0184	-28.1788
-29.3967	-13.7172
-12.6482	-18.4342
-18.1182	-8.21268
-11.6976	-18.0961
-19.4041	10.3561
8.43025	-8.02216
-1.85128	-3.77277
-5.10481	-0.690473
-6.77906	-9.17919
-12.6632	-14.6475
-17.1086	-14.8316
-5.38221	-0.668589
2.93234	3.63065
1.24057	-29.7561
-19.52	-11.4306
-11.2498	-4.13162
-8.82958	-10.8491
-13.2788	-17.6447
-17.7946	-26.492
-29.6514	-11.9828
-13.0094	-1.96623
5.00363	-6.07051
-4.75427	-6.16185
-10.5747	-6.65055
-10.5493	-2.32326
-2.07022	0.041955
-14.2573	-5.0315
0.350405	1.362
-2.99757	-19.0103
-21.8847	-20.31
-24.4419	-10.5185
-8.05483	-18.716
-7.55038	-9.9084
-12.9019	-7.97577
-4.83415	-19.2854
-16.1345	-8.35847
-8.95911	1.15166
-8.03699	-3.54965
0.71555	-9.5323
-9.83377	-14.6261
-14.1283	-3.52015
-2.48499	-1.34421
0.22582	9.81964
5.41494	-3.89186
-15.3612	-4.87934
-0.45799	-2.08447
-2.34525	-5.20732
-3.57706	-12.511
2.93601	-7.6727
-10.9197	-7.00752
-5.61946	-11.0514
0.415805	-1.22959
5.4919	-3.23279
-4.05859	0.540092
-1.44357	-0.914411
-0.924686	3.38155
-11.4237	-6.42682
-9.56685	3.18424
0.941667	-20.5068
-29.5099	2.73955
5.80107	-10.9042
-12.481	-15.5524
-27.3559	-12.056
-13.0048	-7.586
-8.09505	3.98218
1.94595	-12.2689
-15.6354	2.12076
0.580659	5.24366
-14.2179	-28.6566
-16.9767	-2.03737
4.06584	-0.857937
4.74758	1.0157
-1.25925	-1.81209
-1.75201	-27.9959
-23.276	-22.1542
-25.8652	-8.21585
-9.65875	-11.957
-15.3727	-5.08297
-5.39023	0.272393
-6.02684	-7.11433
-5.77468	-16.0434
-18.5689	-17.6411
-20.7658	-1.70091
-5.25524	-11.412
-9.11395	-0.0471578
3.76159	11.2836
-4.1263	-11.4182
-1.58639	-7.43649
-4.79451	-11.1551
-7.02572	-13.583
-15.5503	8.4367
8.32933	-23.8225
-20.6338	-7.00306
-7.76604	-20.0911
-15.4956	-7.59459
-13.3242	-6.57698
-13.0887	0.0698151
-6.73877	-5.86044
0.570963	-10.0686
-14.0635	-9.4045
-8.11745	-0.432995
-7.27049	-3.25
-3.63407	-2.70695
-0.286452	-27.7849
-35.1262	-5.14473
-9.42787	-9.73712
-15.3581	-10.6393
2.1599	-3.75488
-9.04563	-1.8026
10.7089	7.78202
5.18407	3.15882
2.05353	6.41287
5.5683	-13.1693
-8.37411	-4.84349
3.49045	-1.9331
-4.76845	-1.24827
-1.68443	-10.1092
6.48109	3.25254
6.53967	-25.7322
-25.3448	-20.6487
-18.4445	7.13643
-0.911884	-6.17819
-4.75885	-0.0432878
0.581926	5.56046
-3.42245	-9.10867
-24.6504	-15.6257
-19.6145	2.30276
-3.14617	-12.3216
-8.06183	-2.23425
-1.12823	-1.5422
-3.11689	0.819203
3.7732	-4.407
-2.87316	-1.58907
-11.5518	-8.19966
5.97583	1.601
2.86639	7.11413
3.50232	7.18695
-7.2389	15.1287
-0.462326	-1.20973
-7.6261	-19.9415
-20.4054	10.4453
10.8856	-6.61558
-7.94274	-28.6267
-33.7834	-18.2228
-15.7554	-10.9319
-8.53001	-10.2377
-8.14659	-12.0347
-16.4717	-7.8339
-11.2792	-9.49223
-5.90488	-21.4261
-20.1743	-1.98966
-9.87368	1.16111
-3.93593	-0.101368
1.7393	-0.894002
0.117743	-10.2666
-10.8695	-18.0887
-16.7097	-4.2971
-16.3601	-6.55112
-14.2559	-11.0509
-15.9654	-18.2245
-16.8648	-9.50165
-6.141	-0.487861
-0.519563	-18.0149
-16.7595	-20.8998
-20.2499	-9.82347
-15.886	0.441488
-1.79999	4.45623
0.954132	-0.48273
-3.38102	1.70401
2.86174	-16.3121
-32.7291	-12.9562
-23.7614	-9.84465
-12.7088	-21.4519
-10.9741	-14.2273
-20.5501	-26.4522
-27.5885	7.77496
7.67318	0.101128
0.593132	-10.4736
-6.12538	-18.1471
-17.3055	-12.8804
-11.9098	-0.610665
2.27745	-8.56557
-5.82663	-4.86484
-6.84799	10.0572
-0.291441	-25.3705
-28.8082	-24.6422
-24.2635	-7.90422
-13.8641	-14.8138
-12.6257	-12.3276
-11.7733	-17.4231
-18.0625	4.82505
5.5615	-13.4724
-12.51	-20.0788
-19.8517	-15.3863
-17.8606	-5.53162
-6.32026	-1.64805
-2.05949	-7.04693
-4.97271	0.535806
2.436	-6.63394
-5.44283	-7.60323
-7.52362	-19.4723
-19.8786	3.2576
3.53792	-19.0845
-19.2266	-1.34248
0.285338	-38.7481
-37.8663	-18.5196
-23.6565	-11.0367
-13.5073	-5.70186
-5.97561	5.73228
5.75098	-5.70352
-3.91516	-11.9559
-11.7303	-11.2737
-10.4614	-4.63577
-0.198999	2.52942
1.27698	-9.7287
-10.5971	-20.4006
-20.6425	-28.0664
-28.314	-12.6853
-12.3052	-0.584842
-2.81498	-12.4459
-14.3104	-13.1297
-13.6246	-4.43087
-7.66413	1.87919
3.11237	-7.90309
-6.60402	-19.6466
-19.896	-12.4629
-7.7439	-2.73441
-4.86201	3.02971
-2.77472	-5.47268
-7.07594	-9.01368
-10.3897	-18.5849
-22.4123	-0.735964
0.768046	-27.7762
-29.738	-8.96681
-7.16953	-41.7417
-41.9767	12.3872
11.3227	-5.02042
-4.84182	-16.5931
-22.9603	-14.8144
-9.79694	-9.48024
-10.7741	-3.43646
-2.55721	-3.47766
-3.93522	-10.4955
-10.092	0.251202
0.0985865	-9.86126
-10.8506	-26.6561
-28.3842	-19.7779
-18.5325	-8.62677
-10.1912	-5.5132
-5.16864	-15.7523
-16.3603	3.00226
5.17068	-7.34392
-4.88867	-14.0996
-14.0882	-17.2819
-15.6986	-2.8178
-6.76839	-6.21519
-7.13999	-6.53634
-7.65912	6.20182
7.18033	-10.9947
-11.1624	-9.27084
-6.56717	-33.8892
-29.6757	4.92451
6.60479	-27.3578
-25.9563	-7.99351
-7.99142	-16.9132
-20.0372	-9.70366
-8.3809	-9.31437
-7.29562	-2.30528
-4.97297	-4.2973
-4.48092	-5.42906
2.68599	-0.13117
-9.87828	-11.1708
1.93313	-2.08584
3.08822	-1.6955
-3.53804	-33.8225
-33.219	-11.686
-12.1501	-8.98106
-6.80265	-18.0487
-11.1289	-11.1447
-2.35567	-2.54503
-4.15837	-10.5051
-13.8749	-5.2694
-4.32033	-4.75452
-1.68419	-4.31984
-9.40256	-12.8784
-15.546	-0.587191
0.48373	-17.3569
-11.0925	-7.0799
-6.90089	6.13123
-0.264246	-7.51252
-8.85389	-9.53911
-9.1018	2.66828
-0.762573	-8.59983
-10.9269	-15.855
-12.7052	-2.99584
7.26313	-3.28847
9.43137	2.29694
-12.1206	-3.64669
0.878722	1.00632
-4.50472	-9.77112
-5.68838	-7.39316
5.51057	3.47128
8.69825	1.28803
3.34893	1.74342
0.233469	-29.2108
-22.1388	-15.0286
-21.191	0.85027
-14.9615	-9.70465
-12.5263	-17.8376
-14.345	-8.46847
-4.643	-0.0891776
0.20291	-6.60655
-8.06329	-29.8154
-23.854	10.4754
14.1089	-13.7594
-9.80789	-3.77095
-2.22005	0.208305
2.08044	-8.85167
-13.2928	0.0834913
0.337093	-22.0268
-26.1152	-16.0473
-15.0709	-9.35916
-9.2557	-15.1422
-15.657	-8.59659
-9.26467	2.56514
-4.15634	-4.29757
3.8905	16.5934
4.02386	-7.83433
-13.1486	-5.11673
-12.4631	-10.0777
-6.19419	-8.526
-10.9532	-5.90708
-1.06474	-10.1038
-13.5839	0.405062
4.5713	-13.1977
-18.681	-16.2992
-16.4131	1.53265
3.00618	-3.84996
-5.27386	-8.73588
-8.90226	-4.36085
7.28378	-5.515
-14.5088	-8.10086
-0.998906	2.34554
3.75379	2.35713
4.99433	-3.00048
-6.05435	-12.0696
-13.4971	-4.40858
-23.1784	-3.05527
-11.2796	-2.27129
5.03333	0.706306
0.101156	-15.4268
-11.7581	-14.7898
-10.5738	-22.8603
-25.1103	-4.89331
-6.38943	-11.0526
-12.937	-10.679
-12.7399	-2.31421
-5.68844	-4.31029
-6.28519	-0.181957
-8.90149	4.86326
5.39677	-0.553223
-17.0414	5.3694
6.62726	-0.917629
1.20685	-4.53743
-4.87025	-23.2272
-21.8553	-13.6488
-10.8181	9.10772
-1.85259	-13.2206
-18.4664	-4.54316
-7.16676	-26.2323
-26.3915	-12.0933
3.09342	1.49915
-2.08048	-12.6718
-13.5166	-16.2916
-14.369	-10.7642
-11.2285	-2.79974
-2.80622	4.35975
9.41947	-9.03967
-6.25832	0.770688
4.85585	-1.79528
-2.59182	-14.1495
-15.4504	-13.3018
-9.69144	-24.5613
-26.2637	-19.1502
-1.95436	-2.94727
-5.07559	-0.409326
-4.76364	-13.5756
3.51486	-8.38877
-11.2821	-22.2206
-5.95477	-1.18491
-6.68384	-4.873
-3.82847	-2.42629
6.15164	0.354816
5.48141	0.747325
-2.66033	-23.7643
-25.0501	-18.6231
-20.9887	0.980199
1.61837	-8.60849
-2.24275	-8.65182
2.70585	6.23252
-1.95798	-1.1569
-24.1749	-17.8508
-20.6273	0.549938
4.11352	-5.35219
-6.55847	-2.31048
3.62863	-0.967299
-0.97886	-0.929806
-10.4004	-15.2314
-17.259	-22.8991
-22.7867	10.9214
7.4125	-13.1656
-14.2461	-8.05678
-5.19799	-5.13361
-4.26234	-2.81933
-3.0918	0.320347
0.457121	-13.9375
-15.5	-36.276
-36.0775	-17.097
-18.9865	-7.43873
-9.98057	-3.40842
-3.09265	-12.4817
-13.5003	-8.18677
-7.43246	4.14606
-1.47279	-22.1264
-28.2725	-9.34856
-5.76797	-2.30993
-1.27864	-3.84317
-3.87114	-6.31207
-4.01451	2.67527
1.97814	-8.63892
-10.5016	-11.3507
-8.90183	-26.3178
-13.5079	-3.92925
-4.46077	-18.362
-21.1784	-9.58527
-10.2344	-30.409
-19.022	-4.00334
-12.5627	-4.27251
9.12943	-24.0249
-14.009	-5.29405
-5.75259	-1.32948
3.77327	7.6608
0.696263	-2.83511
5.77767	-1.74616
-7.95306	1.83723
-1.79778	-12.2975
-12.7873	-10.9026
-11.0381	-12.2901
-10.3297	-2.55029
-6.67392	-34.1967
-32.6283	-26.6262
-15.5128	-3.68598
-0.419193	-6.78568
-7.99075	-2.1082
-11.945	2.72883
8.60444	-13.2835
-8.55232	-9.87712
-12.1726	-14.3907
-7.96599	7.09552
5.41209	-3.52882
-2.32964	-13.6318
-12.4725	-12.3826
-19.4859	-0.128716
-4.07333	-26.4586
-32.9651	-21.8848
-15.1511	-8.33835
-8.4704	-0.375218
-3.02201	-7.2874
-6.45223	3.42355
4.23842	-12.5367
-10.2413	-11.2202
-12.3376	-5.94034
-6.11361	-12.8147
-12.3967	1.59044
0.410523	-10.1387
-10.3886	-21.8379
-22.5118	-5.97708
-8.00996	-6.48162
-4.85112	-39.7755
-38.9489	-18.6947
-20.0938	-5.5864
-9.00926	2.90278
-1.73593	0.269275
4.19125	-17.584
-12.1492	-19.5499
-20.1523	-10.2736
-14.2872	-17.7637
-15.2173	4.1984
0.254061	-9.30342
-9.54081	-1.03242
3.05175	-1.98679
-1.92516	-13.5297
-12.9294	-24.5413
-13.3733	-15.2343
-15.3852	-7.49356
-11.285	-26.4883
-19.0631	-0.725103
5.88202	2.17215
-12.6383	-12.2692
-14.1501	0.713277
-10.358	-19.236
-15.273	-7.12445
5.52979	-5.2614
-11.7141	1.89233
3.06859	5.02489
-1.89319	-26.5272
-18.472	-20.805
-28.0384	-6.9891
-9.08361	-8.84161
-13.1655	-14.1963
-11.8163	-9.10673
-9.86623	-2.60392
-5.35551	-1.20435
2.25792	-27.9002
-27.0793	-7.69578
-0.64631	-14.6715
-13.2734	-14.6834
-13.0543	-10.6484
-13.3422	-7.30386
-3.30201	5.02564
1.33762	-10.7398
-14.825	-15.1011
-17.3603	-3.71431
-2.35525	-18.9509
-16.7002	-11.825
-16.4813	7.51685
2.20377	-6.74406
-11.1391	-5.04995
-2.25289	6.43536
-9.96882	0.00648206
-4.92149	-16.6137
-11.8127	-12.6508
-3.77459	-7.23928
-10.8191	-7.43327
-0.440731	-4.08092
-0.759409	-11.855
-10.274	-21.5761
-19.3688	1.81294
0.00264772	-26.255
-20.9585	-21.9825
-23.6877	-5.30991
0.204144	3.02498
0.558569	-6.91096
-8.81304	-11.4486
-12.343	-6.23977
-7.94415	-13.9457
-13.3459	0.206404
1.10485	-0.832654
-4.85475	-5.36375
3.97204	-4.19096
0.139793	-10.9115
-12.1769	-11.3787
-12.5375	6.84057
5.50659	-20.1397
-14.9677	-4.48722
-8.02951	-6.36833
2.559	-6.15631
-3.05418	-5.58562
4.27004	3.21665
-5.81427	1.31296
-8.05895	1.24645
-3.33947	-8.09939
7.11461	-4.81597
5.04087	6.74603
5.7924	5.50825
-23.5207	-14.8813
-19.662	3.78911
0.066149	-1.24647
0.0662616	0.536568
-3.17067	5.22848
-2.31888	2.7745
3.89575	3.21503
-2.03714	-0.727242
-6.03983	-4.54066
1.65959	0.163012
-6.33323	3.13915
-4.83804	-4.95741
-5.76925	-0.733666
-5.93424	-2.57318
-9.48709	-7.45159
-10.9175	-13.3915
-16.7023	3.27635
1.88301	-20.9034
-25.7171	-17.3655
-13.7075	-10.6048
-6.02937	4.44808
4.64233	-14.1505
-17.872	-21.0655
-19.6029	1.59812
1.49607	-18.135
-17.865	-1.23668
4.72552	-4.9507
-13.1105	-2.47879
0.31554	-1.32151
-6.38445	-14.7842
-14.0599	-6.53222
-5.5839	-3.72457
-2.15499	-33.9982
-32.5393	-18.6222
-26.276	-7.8072
-16.8556	-3.51054
6.08507	-1.72106
-10.2702	-7.23814
-13.4874	-7.67277
-12.134	3.71228
-6.52824	0.917502
-0.160289	-10.9924
-3.21091	-17.5279
-7.94328	-9.13982
-5.21039	-5.09776
-4.98616	-17.7393
-16.3651	-13.8725
-12.0686	-10.0296
-16.0173	-19.0454
-17.1453	-14.6694
-9.76855	-4.28996
-0.771995	-5.36298
6.3642	-0.874065
0.744271	-9.08392
-4.17891	3.43424
2.78841	13.0101
3.91506	-1.68869
1.65073	1.81943
-5.30187	4.80207
13.6426	-37.0683
-36.8924	-6.87228
-7.95753	-3.16219
4.22113	-20.0428
-33.7362	-19.1713
-23.1164	-8.55955
-7.22355	-10.4987
-7.52515	0.210745
-0.913556	-8.58025
-13.9617	-2.81837
0.0125514	-17.8236
-19.6628	-10.6002
-9.55793	-7.85739
-9.94684	0.538569
1.14208	-0.821101
0.164751	-10.0619
-8.85483	-29.196
-27.7666	-14.8119
-12.6568	-17.5382
-13.9722	-21.9208
-25.5424	-14.5638
-14.1713	-1.28727
-0.679105	-4.78037
-10.6201	-19.316
-20.0386	-9.76069
-11.8815	-14.4059
-18.3134	-4.71177
-7.21905	-10.0261
-15.3351	-0.417358
-1.58595	-7.50056
-8.93245	-9.67072
-4.89347	-17.379
-14.772	-4.81766
-0.149442	-13.61
-12.6089	-13.7521
-16.4332	5.05722
0.853003	-11.6014
2.47142	3.77584
3.13131	1.58929
0.203313	-4.76205
-12.7472	4.44567
-6.97164	-1.66146
-0.368175	0.672971
-2.84141	-1.92103
-9.55734	-2.03465
5.31469	-22.8072
-10.5238	-12.4213
-16.1961	-11.003
-10.37	-15.054
-14.3351	-18.6573
-15.0381	-22.2008
-23.1298	-12.3051
-8.55325	-1.68297
-0.548722	-22.7006
-22.7775	-6.40095
-2.35888	-10.3204
-11.3993	-13.7494
-14.8877	-6.27431
-6.22885	9.99465
6.11215	5.59973
5.60974	-6.44187
-7.64182	-7.82654
-5.23318	-1.55288
2.00652	-38.2382
-29.9793	-5.76552
-13.2272	-12.5048
-6.2803	-1.89109
-2.68943	-8.09657
-6.58132	-6.46394
-5.55746	-8.59908
-7.59417	-22.3378
-21.6152	-0.0310238
-0.352506	-14.5824
-23.6651	-3.89539
-1.84952	-7.14126
1.40128	-9.87584
-12.2785	-9.15718
-8.79155	7.45588
-3.38247	-23.0083
-16.1229	-11.1503
-10.3846	-2.55066
-4.91478	-12.3629
3.76133	3.14754
2.83083	5.51537
-5.32236	-6.0694
1.79206	-16.067
-17.3788	-15.9944
-12.2261	-6.20418
-3.81236	-11.393
-8.27547	5.6613
2.89948	-12.3005
-12.2983	-29.8585
-27.487	-9.9764
-8.95873	-21.2869
-13.1214	-13.9903
-19.9393	-17.6417
-19.9227	-10.3846
-8.71739	-2.90539
-0.118334	-2.12288
0.93441	-5.0904
-2.04623	-1.2539
-13.1956	-12.6436
-10.26	-9.9607
-2.91325	-0.291523
2.07747	-2.24756
-3.42659	-8.77499
-7.54152	-20.4513
-12.238	1.72114
2.65589	-30.7001
-31.1176	-3.71406
-3.66115	-29.8189
-30.5275	-12.1778
-18.3934	2.67331
1.56383	-21.2427
-13.5425	-7.61248
-5.89739	-12.0367
-16.021	-10.6618
-9.73183	-6.65564
-9.72494	2.17247
2.77733	6.79763
4.19657	-12.7373
-11.1729	-16.2607
-17.5284	-2.75659
-1.52115	-24.3054
-22.6882	-8.74417
-8.62579	-21.3165
-31.9762	-12.4139
-6.39594	1.04574
3.83968	-26.9678
-23.2967	-2.59195
-3.25884	-9.75718
-10.8152	-9.28824
-6.30905	-5.9531
-4.62491	0.854168
5.86403	-3.34047
-7.37306	-14.3321
-13.8496	-33.8826
-33.1298	-6.92046
-8.14472	-12.4173
-19.2399	-2.71483
-7.7109	-31.5514
-33.8964	-20.8794
-20.1611	13.4828
7.28038	-15.0352
-23.4309	-11.2179
-8.06869	-10.9012
-3.61046	-6.69172
-2.00163	-8.03535
7.11304	0.245661
12.5531	6.84794
9.50746	-22.1008
-24.4783	-16.557
-15.0833	5.68741
4.29401	-10.0955
-18.3969	4.83728
-11.6358	-12.3111
-9.86195	-11.3198
-14.3948	-6.32847
-2.66321	2.75035
-3.06815	-5.04608
-6.043	-14.8409
-18.0409	-0.930787
-2.822	-2.2818
0.581466	-8.36785
-8.28186	-1.84676
-6.64565	-22.0253
-27.4396	-6.54111
-9.86334	-2.6041
-0.871242	-8.36475
-6.50722	-3.44543
1.31917	6.12222
-1.68892	-13.0372
-8.55805	1.61257
-8.19328	-12.0808
-20.5493	-11.0309
-4.86815	-8.98757
-12.9878	-5.85185
-6.38366	-1.46914
-4.03733	-1.96888
-3.32474	2.26878
2.43133	-7.71614
-6.7384	-19.952
-16.3696	-9.77557
-4.67175	-4.78112
-1.1356	-11.1545
-18.7828	7.47854
0.410432	-0.417128
7.03692	5.45502
-4.30107	0.675564
-6.94721	-4.11041
5.05777	-0.160643
3.7593	0.403694
-9.16773	-1.54435
-5.41447	-2.00899
-1.98901	2.39491
0.759042	-11.4588
-9.91466	-29.1815
-33.9617	-14.5061
-14.7781	-17.3264
-18.0831	-2.58581
-7.0149	-28.3232
-28.0414	0.125382
-2.04804	2.53635
4.75823	-6.56749
2.20567	-2.43928
-5.9588	-15.2023
-9.68451	-5.98392
12.6439	4.59315
3.60522	2.50308
-1.76166	-1.24899
11.0491	-13.5286
-5.50599	-13.8117
-13.7198	-20.2532
-17.2712	-26.5626
-28.6222	-0.112098
-0.31662	-17.1608
-21.0477	-6.22562
-12.4955	-5.59416
-6.00446	-18.2147
-18.2233	-4.02733
5.11876	-7.24992
-13.6582	-9.49427
-5.67054	-5.28313
-2.81707	-0.00863841
-0.133422	3.50582
2.11587	-7.44804
-11.3662	-12.9219
-13.7777	-8.61968
-6.55822	-23.556
-23.9757	-14.7549
-13.5602	-5.78622
-5.50926	5.1347
4.303	-11.0371
-8.83877	-5.06278
-7.51897	-6.10725
-5.80196	-16.9944
-17.1591	-4.40789
-3.99638	4.27672
2.17354	-10.1677
-2.96828	1.60187
0.632577	-9.0893
-10.5743	-12.0475
-14.3447	-7.78539
-5.95797	-28.0935
-28.3419	-6.05433
-14.9069	4.70227
-1.61163	3.13136
0.197182	-1.15977
-5.72712	-5.35896
-4.5035	-4.185
-7.80676	-5.10252
-5.26066	2.78831
3.34046	1.48584
1.42562	-0.0947541
1.4283	2.8817
4.36028	-32.036
-32.2501	-11.4108
-9.53963	-7.85116
-10.6188	-9.53391
-19.8704	-18.776
-19.6985	5.33558
1.6835	-4.38216
-7.33706	1.58064
-6.76448	-0.0952668
-1.24719	4.12071
3.94512	4.24867
-1.85733	-9.89187
4.79159	-6.72361
-12.7738	-8.09594
-14.6229	-10.7261
-16.9938	1.17509
-0.153355	-10.5695
-13.8458	-4.59378
0.0799547	-3.84834
-2.46797	-25.7392
-20.0888	-8.68084
3.06741	-22.8583
-22.7957	-15.7768
-18.6587	-26.4637
-32.6158	-7.2774
-10.5344	5.14331
-5.13288	-15.416
-19.802	-14.2415
-15.2181	-1.27855
-1.22221	-5.38654
-6.76623	-5.17829
-5.30488	4.31166
3.23023	-7.69766
-3.46704	-6.26109
-4.25296	-32.7065
-31.7813	-5.99803
-7.49211	-11.2052
-11.3054	-15.3297
-17.209	-17.6332
-15.2967	1.04609
-0.258582	-7.5914
-17.1205	-6.80004
2.39104	-2.43716
-14.686	-0.553124
2.56837	-2.77013
-8.0986	-3.63302
5.79946	-1.29778
0.628465	-4.58319
-5.74392	-6.06165
-6.42626	-21.8186
-21.3094	-16.7704
-15.0557	-6.63341
-10.6567	-1.67302
-1.00733	-13.7474
-16.9776	3.18908
1.68828	0.883783
-2.63977	-23.0998
-23.1091	-8.28302
-5.75146	-13.2801
-16.9366	0.573139
-2.72129	-9.90352
-13.1429	2.10523
1.63715	-0.046223
-0.670688	-6.82986
-4.54662	-14.8439
-8.89979	-2.4864
-1.568	-20.0736
-18.8209	-18.3868
-8.92391	-17.0458
-15.5123	-10.6103
-6.35922	-4.29972
-1.71548	-7.9264
-6.09595	-7.11603
-2.71426	-5.42063
-9.75892	5.53315
10.1286	-13.4916
-9.5495	-13.6082
-12.5199	8.28035
11.4438	-30.8736
-25.5835	-16.2087
-16.3122	3.73874
4.11984	-11.3896
-23.6816	-9.79422
-18.4707	-13.8105
-16.4834	-23.2265
-16.2364	0.190187
-1.71461	-0.282795
4.39832	-16.3981
-12.4932	-12.7002
-22.3351	-1.94875
1.31231	-10.9139
-3.1118	-5.83849
-6.24375	-1.88427
-1.34808	-22.556
-21.7619	-31.3538
-32.0226	-10.4783
-11.7443	-15.9542
-17.3043	-6.8761
-8.46115	-16.4708
-12.3826	8.20858
11.4783	-15.9338
-17.7635	-8.0008
-5.2257	-8.2771
-4.45311	-8.74881
0.566725	-7.12831
-5.38564	-13.4279
-10.057	-5.38142
-1.39386	0.064264
-0.0625099	-23.0943
-22.4711	-24.5385
-26.3713	-10.1751
-17.2084	-14.3619
-14.025	-3.62583
-1.92167	-15.1983
-15.9184	3.92446
6.77426	-7.33348
-5.45949	-12.8441
-11.787	-9.37421
-5.31867	-9.22077
-7.80516	3.40399
-2.86427	-0.566565
8.65766	6.19999
5.41799	6.48173
6.87043	-28.0181
-22.312	-26.8156
-23.1394	-4.54802
-5.28885	-18.9531
-14.8657	-8.12718
-10.4624	-15.2535
-15.4016	-3.24392
-9.73297	3.56315
7.01997	-14.9279
-13.2711	-8.40402
-5.92557	-19.6511
-12.3044	-11.2525
-11.2141	-2.57019
3.84282	-1.80023
-2.72026	-4.46596
-3.31042	-18.1156
-19.3146	-34.6509
-33.9883	-9.06652
-8.39169	-15.9736
-21.5522	-5.6073
-10.5593	-7.79604
-18.0386	-1.74461
1.01819	-7.38819
-11.1308	-19.6097
-22.9166	-5.30149
-3.61339	-6.44777
2.76156	-6.07143
-2.84958	-8.50399
-4.2742	10.4982
2.47664	-4.02937
-8.92568	-22.8231
-23.3718	1.14942
1.10716	-4.05875
4.65956	-34.5038
-27.8205	-13.9852
-15.489	-17.7006
-20.9211	-11.6234
-17.1898	-4.64127
-9.52813	-11.1419
-13.3761	-15.7762
-8.38266	-8.50151
-14.9533	-15.3808
-7.58305	3.58941
8.81007	-3.41312
-1.97624	0.856906
-3.00844	-15.3904
-14.0159	-24.4089
-30.8199	-2.3409
-5.38886	-24.7363
-20.136	-15.1713
-15.4094	-5.03
-8.16945	-7.00834
-1.43379	11.8208
-3.42423	-7.6206
-16.3177	-14.024
-7.16294	-5.50518
-1.68657	-4.3861
-3.129	0.931968
-5.66878	10.2002
4.59816	5.07386
2.28869	-28.9911
-22.8087	-24.6801
-24.4178	3.21932
-7.09691	-9.01241
-10.7226	-8.7336
-9.50869	-11.9013
-13.7285	-17.0993
-17.3514	2.59575
1.49946	-16.3942
-15.7162	-9.84225
-7.81735	-16.4004
-12.4992	-9.60146
-7.12546	-3.96094
-4.04305	-0.930055
-3.31944	2.89848
2.80758	-8.52656
-7.84829	-14.0338
-13.1804	8.12064
9.37107	-28.2838
-18.355	-10.8611
-17.178	-18.6559
-7.22605	2.05444
1.61902	-6.41406
-9.31357	-23.2165
-24.4844	4.08631
4.57692	-15.6382
-16.42	-0.172902
-5.65166	0.546387
0.127147	-4.71677
-1.04968	6.11203
2.47123	-14.9959
-15.3087	-24.1408
-24.51	-10.4344
-12.7286	-19.8085
-20.923	-10.2453
-10.5006	-21.9619
-15.8135	6.95228
6.89241	-7.11703
-2.91041	-18.1639
-16.7024	9.41239
-2.1456	-0.286313
-6.03472	-16.2329
-4.35188	0.24552
-12.882	0.197815
-0.842997	3.25114
1.51794	-34.1186
-30.3615	-13.6442
-20.3197	-4.50895
-14.3595	-9.88278
-8.02551	-8.2425
-6.99866	-19.7586
-15.1491	2.93519
1.85058	-16.8897
-16.5549	-15.2291
-15.2594	-11.9679
-12.3012	-4.54962
-5.16469	-5.33619
-2.86956	3.25758
4.71562	-0.744645
-11.5785	-4.62703
-6.12555	-11.4167
-10.8382	-30.4671
-31.3965	-12.3966
-11.6507	-11.0535
-9.29973	-3.85739
-3.91729	-14.2317
-12.0891	2.25046
0.547487	-16.4244
-16.0218	-14.2931
-12.9881	-2.81989
-3.09817	-13.1123
-11.4455	-2.29322
-2.59984	0.7569
-0.860267	0.00875764
0.273417	-1.88526
1.07611	-10.9757
-7.17745	-12.415
-17.8145	6.3979
0.538309	-14.1134
-20.4722	-0.932418
-7.03016	-17.2426
-17.5452	-12.8729
-7.10783	-0.506043
-8.53479	-5.57747
-8.92866	-4.96327
-14.8299	-11.5706
-9.94368	-6.22261
-4.46773	-7.95843
-7.71682	0.824872
-3.78116	1.75922
9.24165	-23.4483
-24.4603	-21.9231
-20.2468	2.16189
1.59702	-8.44186
-2.93789	-2.32274
-0.657581	-2.17996
2.83757	1.15472
-23.9228	-20.3171
-21.3721	-3.1267
3.8683	-2.02058
-6.58886	-3.05373
1.80958	1.35779
6.18747	-5.45209
-0.119362	-2.90696
-4.53297	3.29876
8.64893	7.04858
10.6317	2.59183
-6.60039	-0.674145
-7.31371	-11.376
-12.6417	-10.5613
-4.49011	0.120741
-5.01893	-7.5133
-9.6456	-16.5632
-11.8393	-3.75218
-4.27211	-21.6288
-19.0407	5.10135
6.8588	-36.6009
-32.2233	-18.4237
-14.4828	-23.3467
-21.0467	-23.1522
-22.6309	3.93006
7.4286	1.02025
-1.29035	-5.43965
-19.3704	-6.74131
-2.58709	-5.25589
-6.76627	-9.35215
-7.86117	-4.82542
-8.51197	-11.2665
-1.30072	-5.07393
0.847247	-5.84972
-7.58895	-17.093
-7.99723	6.00538
-0.969129	-9.03419
-19.3803	-3.9596
6.93735	0.887636
-2.56451	-5.42217
-0.525414	-3.73732
-24.2671	-2.14008
-7.84923	-5.4983
-6.95465	-2.40697
-3.00572	-5.88964
-5.97199	-22.4241
-25.7608	-27.1412
-22.3827	-7.98489
-10.6816	-35.0421
-37.5974	-12.3397
-11.9755	-17.9514
-17.5559	-13.9313
-15.1423	-13.7828
-9.69899	-15.1562
-17.1001	3.60954
-0.752063	-6.12137
-13.2175	-5.48318
0.665407	-2.87897
-0.402113	3.25982
1.05462	5.03366
1.13311	-21.0591
-21.3225	-18.1122
-25.9682	-4.51664
-7.1133	-26.2723
-23.4162	-11.9233
-10.7087	-6.65333
-18.0527	10.595
10.7921	-10.2094
-11.6426	-20.8517
-25.8131	-9.43167
1.12252	-6.91658
-8.19801	-4.82389
-7.25908	3.03588
1.57732	-0.88705
-4.89994	5.40504
3.95935	-8.10351
-10.6739	-17.8116
-19.19	-0.562326
-13.0634	-4.74073
-5.68067	-0.0811109
2.54961	5.07084
3.75684	-3.87669
-4.39844	-2.88825
-0.821401	-9.4395
-7.41282	-12.1334
-6.64903	-15.8427
-21.9648	2.58401
5.60987	-8.28797
-11.563	-9.58274
-6.72879	-2.83312
-5.44251	-8.65432
-8.55457	-20.7748
-22.0374	-10.8414
-7.97275	-15.4648
-22.5397	-5.79607
-3.25731	-34.8286
-33.6648	3.604
1.98424	3.38513
2.98247	-22.3726
-21.1816	-11.9319
-9.50269	-13.6611
-7.28451	-6.31064
-8.57756	-2.47277
-3.565	2.98729
3.6892	-2.1327
-2.04967	-12.025
-6.5722	-26.8206
-14.3241	-4.36871
2.70572	-5.64927
-0.895407	-10.7604
-14.5532	9.2111
5.2402	-7.81398
-15.6512	-1.41917
-2.0751	-8.51299
1.13108	-1.7172
0.586469	-15.7846
-11.3755	3.17051
2.09683	-4.46741
-20.8883	-9.27439
-10.2391	-0.0754582
2.78374	-11.789
-12.0719	-25.4844
-27.2543	-3.73833
-6.69583	-21.6423
-20.2037	-16.983
-14.6212	-11.7595
-9.77106	4.54858
2.92365	-9.33641
-9.99575	-24.623
-25.4531	5.32142
2.34905	-12.1646
-12.4668	-2.35942
-6.52187	-4.64588
-5.29049	-3.65667
-0.495301	0.596734
1.12836	-25.6116
-19.222	-20.8035
-23.3469	-7.30445
-10.5585	-13.685
-13.7942	-6.9385
-12.3258	-23.129
-27.1723	-7.34508
-8.54015	0.92012
-1.02269	1.89643
-5.26787	-9.46289
-7.73665	-8.84911
-9.28435	-5.33798
-4.64695	-10.6017
-1.52607	-0.336947
-5.72878	4.50935
4.84818	-24.2043
-25.4108	6.64439
6.86812	1.41319
4.62292	-26.9983
-23.9173	-15.61
-10.3353	-16.8838
-24.9056	1.91558
2.85573	-12.021
-13.4429	10.4178
8.65904	-13.8583
-15.4372	-5.24532
-6.66005	-9.29926
-4.82466	-7.92633
-4.80344	-1.1723
-2.83051	3.17737
2.52498	-17.2212
-19.4522	-17.41
-13.8958	-0.97983
0.748673	-20.6259
-19.7449	-3.09465
-7.44932	-0.0358573
7.3017	-6.18709
-9.06309	-18.9576
-8.93468	4.42955
-0.824808	-5.74413
-0.298186	4.09855
-5.3785	8.69617
-3.19709	-1.70916
-1.33423	4.85109
3.78442	3.81341
-1.03005	-24.3116
-23.7265	-16.7797
-18.3744	2.67176
-22.3257	-20.3199
-19.5535	0.332432
3.23911	-5.91385
-1.97961	0.216951
1.80551	-1.12878
2.13662	4.55028
4.95218	-6.23495
2.80619	4.12541
0.422458	-2.13822
0.742943	3.42299
7.56381	-6.99887
-4.44183	-1.35234
-3.8442	1.77503
-1.81054	8.55223
13.5839	-17.0879
-11.0592	-11.0324
-18.1599	-8.11918
-5.47255	-34.744
-37.6781	-11.6606
-18.7021	-8.03127
-5.5127	-9.13728
-4.71029	-4.62305
0.314498	-6.38064
9.45916	-5.39126
-2.16954	-5.25419
-9.30255	-8.34537
2.04664	3.96316
-7.21986	-5.91199
-2.00176	4.67317
-7.81074	-13.8156
-13.3744	-16.8266
-16.8757	-7.07765
-6.86888	-22.4295
-28.4666	-18.011
-11.4544	-19.5606
-15.4974	-8.60686
-14.3126	-16.6585
-8.21766	-18.2316
-15.3773	1.85854
-5.11694	-11.9308
-15.9353	-3.85248
-4.46367	-11.4473
-8.67552	1.48737
9.21459	-1.9082
-0.00362066	-3.00689
-17.9469	-6.50459
-6.26218	0.832531
5.86502	-37.3048
-38.6339	-12.6018
-17.5745	-18.5128
-11.3356	-4.16803
-2.47726	-7.50035
-2.6102	-6.70095
-12.4076	-13.1465
-15.5415	-1.26401
-0.935508	-21.4068
-21.5747	0.932572
-3.02044	-13.2123
-15.5124	-3.18836
-6.07505	-5.54852
-7.70793	-13.7885
-16.3114	-0.439471
0.702123	-5.45633
-11.2659	-9.43419
-14.4332	-13.0562
2.38775	-15.1489
-21.1573	-8.40633
-4.62758	-13.9346
-12.6078	-10.6334
-9.59195	-8.82953
-12.169	-8.2719
-7.36887	-2.67123
-7.19064	2.56825
-3.81287	5.68769
9.77478	-5.38778
-5.76144	-10.8014
-11.2719	-5.64144
-3.83921	-28.4009
-19.7248	-11.1806
-20.5192	-9.42503
-14.8057	-11.4455
-20.2321	-11.0684
-1.12208	-12.2505
-11.751	-7.81238
-12.8501	-11.9506
-11.5359	-11.0276
-7.25439	-7.86343
-5.55182	-4.04348
-6.2553	5.64079
2.94873	-8.22088
-6.32961	-12.7321
-15.351	2.91311
4.22234	-29.8177
-29.0631	-10.6328
-8.68092	-22.5863
-22.166	-7.78695
-7.61397	1.86551
7.39462	-30.9377
-31.5993	-1.21361
-2.18754	-6.00312
-12.7598	-11.6348
-10.1296	4.03778
2.78858	-7.58394
-8.2245	4.53997
5.60779	-16.6628
-17.9577	-8.48531
-2.74985	-9.53945
-5.48234	-36.832
-34.9691	-12.7759
-13.5757	-20.9946
-21.6007	-13.2914
-12.0007	-1.07408
-3.17721	-1.51986
-1.1724	-9.03199
-11.2182	-4.54852
-4.42816	-9.58577
-7.11054	-18.1329
-14.3656	3.46912
-1.00472	1.45732
1.96089	-18.6356
-16.6346	-28.3711
-31.4827	-3.59735
3.20264	-19.5978
-21.7861	-16.0934
-15.805	-28.6368
-33.5919	-11.7874
-7.8625	0.696083
4.0752	-8.01473
-12.2674	-2.27126
-6.68627	-11.87
-20.5318	-6.12185
-0.1495	-0.0642655
-2.50329	-1.21416
3.58025	3.77536
9.34093	-22.4354
-22.3462	-21.1337
-21.9569	-0.107649
2.15071	-16.9321
-12.2502	-10.7986
-4.45418	-10.1208
-10.4449	-1.85053
-0.210909	-9.84834
-10.2828	-22.9524
-23.9141	-0.00253237
-1.43233	-9.60614
-13.604	-1.39316
-6.66811	-7.32107
-9.69144	-0.941906
-1.30203	8.61581
7.96067	-17.0784
-19.0776	-21.7051
-22.635	-6.51525
-8.32222	-11.0836
-2.95899	-14.6233
-25.6284	17.057
6.31435	0.547753
7.6967	-2.76518
-7.00282	0.649757
-9.93303	1.99656
4.7986	8.54505
-6.76749	6.54859
-13.1379	-10.5042
-2.70922	-10.314
-0.156596	4.65571
6.12801	-23.5669
-12.1393	-14.2528
-15.3652	-16.1968
-20.7537	-17.1746
-18.1205	-11.3983
-15.1787	-35.14
-34.8629	7.74005
0.995416	-15.6807
-16.294	-2.79603
-4.49469	-1.31703
-8.36498	-1.31706
-10.0232	-1.36583
-6.962	2.63601
-8.54198	-11.722
0.166612	9.58393
4.98918	-38.1607
-32.9108	-10.9854
-1.39382	1.33116
-0.874842	-34.4493
-34.7085	-13.4524
-12.6487	-11.1474
-12.1083	-13.4903
-7.36586	-5.95312
-0.415311	-3.9883
1.5669	-13.0519
-10.3084	-3.38392
-4.56762	-17.3267
-10.5471	-10.4739
-3.55039	-1.09589
-5.49758	3.72988
7.93732	-6.23393
-6.2951	-4.95535
-4.9305	6.39741
8.57755	-18.931
-17.5972	-15.1138
-21.5136	-8.10135
-22.2885	-1.44706
3.8555	4.2904
2.10287	-21.0715
-17.5601	9.98014
9.74155	-12.2147
-13.0352	-11.1399
-13.4945	-3.85941
0.0984366	-4.95516
-2.96372	-2.00236
-0.452108	-11.1147
-11.3701	-25.2795
-22.8835	-6.05257
-4.85839	-11.7091
-12.098	-14.6128
-5.19417	-0.00812053
1.50174	-2.05798
2.13987	-13.1876
-20.5659	-11.7295
-14.1426	2.72079
-0.146309	-5.30744
-12.6709	-1.26374
3.04921	1.42606
-1.72216	6.0737
0.261627	-1.49775
10.1491	-37.6572
-37.2311	-6.62829
-10.7977	-15.6472
-16.0414	-3.91468
-1.47677	-8.85957
-9.05676	2.69459
7.85866	-6.17254
9.07548	10.3173
-2.78797	1.87836
12.1676	2.52225
-10.1607	-9.91968
-4.43715	-5.26967
7.0018	1.14935
0.332922	5.74151
6.6288	8.89378
9.03148	-23.7929
-24.3466	-18.2415
-19.3081	3.94599
4.71041	-14.7605
-21.911	-17.4534
-20.4724	0.00536025
2.77581	-1.4641
-5.12636	-1.79469
-0.538555	-1.12157
-3.64802	1.41404
-2.27072	8.22669
6.22858	5.47905
-2.40846	-14.6966
-9.84485	1.1198
-2.27337	8.07848
-1.55691	-7.49397
6.42842	1.98008
3.53847	-1.91504
4.45594	-26.1611
-27.9713	-19.6879
-20.9662	6.30599
-3.26129	-15.5213
-4.70887	-3.71311
-0.715347	-3.90283
-0.360658	1.91877
-0.841698	7.9572
10.625	25.1335
22.4934	13.8129
22.4584	13.97
13.281	-3.13611
-6.70439	-0.871507
-5.61127	-3.95903
-5.25221	-8.76847
-9.96788	-20.4874
-18.9117	6.5642
6.66229	-14.8611
-13.7043	-29.4887
-28.6782	-19.1069
-16.4215	-22.6364
-27.8021	-6.91627
-7.65875	-1.2827
-1.28853	7.39816
6.35831	5.69288
-2.88908	-8.69664
-7.00955	2.95294
1.97827	7.6014
-3.39669	5.59532
-6.98475	-1.7579
-9.65862	-21.0416
-19.4807	-7.08411
-10.1474	-9.24681
-8.94681	-39.8141
-37.8539	-7.80742
-3.4795	-3.23566
-5.61154	-14.5056
-12.6089	-5.6574
-3.7404	-13.0104
-13.4464	-11.682
-10.9384	-15.4567
-18.4603	-3.66699
-6.42507	-9.41508
-4.89251	-0.181889
-3.61464	8.03289
5.427	-6.91703
-6.01492	-12.1077
-7.1022	-9.09772
-8.90984	-28.1092
-39.078	-10.6285
-14.0374	-10.269
-5.29724	-12.158
-2.76371	-3.37626
-4.26152	-12.2128
-9.84222	-0.829224
1.36969	-26.6775
-26.3436	-3.70973
-1.35696	-1.47203
-3.04781	-4.56244
-4.77528	-5.9719
-4.71106	-9.17285
-13.7107	-7.84641
-8.6014	-3.01707
-5.32787	-16.0687
-12.631	-10.2766
-1.31017	1.18865
2.42014	-9.7262
5.67068	-0.673244
-4.76705	-4.4624
-7.84559	-1.16892
-5.41948	-19.674
-16.6175	-3.8977
-0.592378	-5.72779
-7.31545	-1.2257
-0.849113	-2.35702
-1.54904	-10.7126
-7.6348	-20.6346
-14.2952	-2.00222
3.17215	-25.4906
-26.256	-12.8239
-12.4142	-26.7037
-27.4219	-6.57353
-9.49324	-6.37305
-2.30223	-30.5358
-33.1999	5.74022
1.70709	-7.34011
-8.57395	-13.7872
-14.1808	-3.70126
3.13105	-2.99537
-2.37198	3.27228
4.13962	-17.5226
-16.341	-11.4705
-8.96457	-4.86091
0.738043	-27.8757
-25.6526	-6.76518
-7.9702	-19.9985
-16.5004	-16.8107
-13.7811	-8.96677
-12.7064	-2.51132
-8.78428	-2.31009
-7.56319	6.77619
-12.4464	4.7498
0.240718	-11.468
-4.02759	6.58734
-9.49284	-3.33856
-8.84011	-19.3465
-10.9821	-4.90034
-21.8611	-6.74326
-11.5743	-14.8936
-15.893	-20.2068
-13.2326	-17.3475
-21.3366	6.6986
10.7199	-1.065
-0.205667	-13.1244
-13.8515	-12.1896
-10.9084	-9.52167
-10.5438	-2.99594
-6.95507	-5.75262
-3.55173	-3.99746
-3.51527	-0.0426373
0.339309	-12.0273
-11.9675	-35.3214
-27.424	-9.61773
-15.2789	-13.4783
-11.4199	-14.1047
-13.771	-6.1366
-2.81049	5.10441
-0.303004	2.33786
6.56476	-5.3421
-4.95531	-9.84074
3.61551	-7.14932
-11.0168	0.954561
3.27073	2.87609
4.73533	6.03928
-4.1602	-6.48284
-5.85468	-9.9143
-7.99721	-35.9846
-33.662	-8.16975
-4.43176	-16.1908
-20.4746	-8.16595
-6.20617	-33.6272
-33.625	-16.4345
-15.9401	9.24996
11.7321	-15.578
-18.3046	-6.30003
-8.97085	-7.39453
-5.09459	-3.87513
-5.13173	-6.86712
-2.79447	-1.439
-1.43608	0.823245
8.82707	-30.5083
-33.9281	-22.8518
-20.7785	-12.8198
-7.90209	-18.4466
-25.0231	-1.84992
-13.5493	-7.03324
-15.1759	8.20343
4.87126	-24.6121
-21.3798	-5.98612
-6.85219	-13.2345
-13.7746	-13.3445
-13.8766	-0.471953
-1.76492	-4.15703
-5.26357	-4.06359
-1.91964	4.21379
5.4348	-14.1268
-12.9177	-19.3713
-20.2504	1.70826
6.25339	-16.8359
-18.6189	-16.5877
-14.9308	-17.1166
-11.4622	-4.85539
-7.92401	-0.575092
3.62314	-13.213
-17.752	-9.8951
-7.28034	-6.57546
-1.89711	-17.0062
-12.6049	-2.92922
-0.101932	-4.50473
-1.77232	8.2541
5.89366	-13.8622
-12.9825	2.24906
-1.73928	-4.68586
-4.11188	-16.895
-10.4237	-14.334
-17.8339	1.94194
-0.301968	-10.7186
-9.47867	3.77198
2.95204	5.47418
1.79705	-7.30645
-0.672885	-8.17606
-2.56998	7.25838
9.79755	-2.18917
-7.67423	-1.91296
6.31986	11.7357
4.00532	-26.2751
-25.0121	-8.21513
-8.99189	-3.81565
-6.22328	-8.38826
-6.44542	-11.578
-21.1133	-2.52912
-3.0956	-2.39295
-1.94368	1.08891
2.64981	5.72862
10.2268	-3.1577
-6.61302	-6.98973
4.33192	-2.89202
-3.804	0.667012
-5.40062	-2.967
-1.56889	-2.00687
-0.826429	-22.9835
-21.578	-18.285
-18.5258	2.40184
-2.61754	-5.69292
-6.09477	-3.76506
-3.56427	-4.02563
4.68366	5.24825
-2.63099	5.88597
-1.90615	-3.4445
3.5089	-4.34784
4.38207	3.56864
-10.3351	-1.00556
4.49884	-0.74357
-4.52102	9.66273
0.55581	-3.26012
-8.83919	-35.2418
-34.5421	-11.5366
-5.31446	-5.08792
0.302738	-29.8947
-34.9172	-17.1073
-13.5176	-20.8165
-21.8756	-16.078
-16.832	1.5375
-0.924349	-5.28764
-6.99805	-5.52898
-1.02722	-6.71607
-13.3302	-7.07717
-4.99495	-16.9077
-10.4617	-2.64917
-2.95136	-1.32892
1.19866	-36.2188
-34.7503	-15.9322
-16.7586	-5.4629
-3.31253	-17.3654
-13.3627	-12.4539
-6.16185	1.32974
-0.501373	-7.10035
-5.3368	-16.708
-18.7448	-14.8661
-15.0479	-6.18965
-3.45731	-9.35827
-11.1149	-6.69114
-3.53145	-0.339478
0.44439	-0.575929
-1.64619	-7.53327
-6.89794	-23.5443
-23.8105	-32.8896
-30.7168	0.405682
-1.95788	-26.3657
-27.7341	-11.891
-13.7437	-3.72104
-5.94178	-17.361
-19.3246	-9.88334
-13.0571	-10.2247
-6.31205	-15.9013
-14.7618	-3.01687
-6.53829	-24.2217
-25.969	-3.61636
-8.52716	-7.51636
-8.36762	-3.92588
-2.5552	-7.19509
-11.4882	-10.8826
-14.6252	-15.9587
-12.7577	-3.33487
-2.42936	-16.9392
-12.4434	5.57972
7.47125	-5.25732
-0.572776	-5.53063
-4.91994	6.84101
11.0034	-1.87759
-0.58079	-16.9733
-8.35508	12.7601
-7.53981	-4.51646
-11.4385	5.54769
-0.679162	5.39218
4.49967	-24.233
-23.9949	-17.8705
-19.117	8.82716
4.76787	-4.57907
-4.42521	-5.49186
-4.71021	3.18258
-6.64421	-11.1241
-8.15875	-3.04059
-9.7752	-16.0432
-19.3949	-0.731845
-4.30087	-11.4445
-10.4523	-11.9171
-13.6246	-4.22033
-5.89255	-0.708215
-2.19535	0.571728
1.91976	-8.75181
-7.93837	-16.9269
-16.367	4.32146
4.58414	-19.7336
-17.6954	-10.1184
-11.8277	-36.5037
-30.7192	-12.7909
-12.1999	6.50912
8.69581	-21.9288
-24.8815	-0.934048
-4.39665	-7.53801
-6.73453	-13.3887
-17.8936	4.06137
9.45301	-5.16062
-6.9982	2.03965
2.68834	-21.3655
-21.9305	-18.0567
-17.2543	-5.75128
-6.14352	-32.8776
-33.5014	-6.08771
-6.093	-4.27001
-4.82891	-11.4167
-9.51756	-17.3062
-20.4755	-5.27637
-4.9284	-17.3098
-17.2809	-14.9918
-18.4708	-6.002
-8.76791	-21.254
-23.0359	-1.07049
0.666029	-3.4605
6.99724	-30.1032
-32.2836	-7.4379
-13.5194	-11.3464
-3.64138	-5.11326
-6.0404	-8.29894
-6.4173	10.9415
2.90876	-1.33233
3.65351	-2.2427
-5.35689	4.49702
15.3961	6.30024
-3.58776	-6.52806
-2.97286	-3.60856
-2.23265	-5.00295
-11.9229	3.04976
10.8014	-1.9999
1.48286	-25.2276
-24.1087	-23.338
-19.3824	4.6804
1.63504	-24.0139
-34.9463	-8.05335
-4.50304	-19.9658
-14.2987	-3.9534
-9.99414	-10.4644
-10.3817	-5.8484
-16.6028	5.37208
0.137705	-6.33584
-6.00557	-13.5428
-18.9744	-4.05657
-15.6341	5.83611
1.68973	-3.62173
3.91953	-3.10716
-4.7307	-12.1166
-13.3616	-17.2257
-14.9889	-10.2965
-16.911	-18.1916
-18.7924	-15.9938
-15.324	-11.5
-17.2849	-2.99585
-2.41203	-5.11626
-4.17349	-3.93397
-9.32006	-17.095
-5.53694	-6.213
-7.8358	-0.091669
-0.534557	1.40024
-0.00816829	2.03575
3.02347	-8.6623
-8.35318	-9.91134
-6.61748	5.1662
1.88778	-12.1903
-12.5825	-2.90134
-2.28096	-9.09565
-9.43328	-10.2958
-16.0023	0.464196
3.16741	-4.30383
-3.27082	-6.65608
-8.59708	0.89321
1.01727	-8.08689
-7.38547	-5.601
-2.87148	-0.171334
-2.43186	-6.41314
-4.10116	-21.7087
-21.1135	5.5732
4.15574	-5.92091
-6.41612	-31.3491
-33.1309	-7.66503
-5.92752	-7.93712
-2.63702	-1.82976
-1.11796	-6.90003
-11.3423	-3.92471
-2.09563	-9.94118
-8.31311	-15.7202
-11.8262	6.0167
5.34291	-7.07329
-3.81347	-3.97081
-3.34227	-1.9126
-2.78993	-11.8115
-10.7203	-16.371
-16.2658	4.33968
-5.50524	-11.8858
-9.89831	-3.34517
-2.04887	0.638629
1.60551	-7.64363
-4.4355	7.92616
13.7057	0.989855
-2.53859	2.18363
0.314396	-6.7103
-9.7928	-0.592025
-2.05228	-2.10846
5.37858	2.99504
1.92091	-0.549722
3.26987	-27.9372
-29.5773	-13.3616
-15.2606	-2.44689
-3.38731	6.22721
-3.55791	0.493366
-4.5336	-3.74109
-6.61113	-4.00759
-6.97309	-3.5711
0.428952	4.97487
10.6901	10.0963
-5.68997	-4.50566
-25.5748	-18.7626
-18.9996	8.85996
4.48373	-13.3292
-10.6589	-11.2328
-7.69464	1.77569
-0.632432	2.18122
-10.9463	-5.64098
-0.585715	1.16623
-10.4664	-4.9297
-12.1537	-24.5361
-10.499	-14.078
-13.0704	-7.49707
-6.66706	-7.42821
-2.19166	0.577812
-3.05787	-21.9271
-21.1694	-8.45831
-8.48923	-10.1643
-12.2129	-36.8295
-35.5925	-2.6739
-3.27104	-11.1978
-9.02433	-15.3985
-19.262	-1.99026
-0.159918	-14.6758
-11.838	-21.1958
-23.0677	-8.69326
-8.1892	-6.1579
-8.65769	-8.25648
-8.52135	4.22983
-0.427796	7.41223
8.60307	-5.90137
-4.95751	-18.4237
-17.8664	-4.87078
-3.25133	-30.9409
-31.7611	-15.8903
-15.715	1.89261
-4.67879	-4.96501
-4.5619	1.82911
1.0962	-19.1109
-20.1624	-11.9969
-7.45933	-0.793634
-4.27912	-13.7746
-10.5173	2.37325
-0.351678	-0.835455
0.844527	-5.20355
-4.25347	-9.95882
-8.23494	-18.9987
-17.4843	-2.98439
-3.21299	-24.1758
-22.3301	-6.12174
-4.55408	-18.2295
-15.6869	-6.79941
-7.79123	-10.8701
-1.60914	-4.76721
-7.57631	-3.82823
-12.4781	-7.35494
-7.18833	4.72265
-10.0009	-2.53174
8.64764	8.24203
0.231332	5.79553
0.654857	-20.228
-16.1042	-21.7625
-32.1051	-9.31853
-10.6595	-13.1266
-15.1471	-8.46906
-8.199	-9.3167
-7.05761	3.80867
0.960138	-12.8799
-10.5915	-24.4308
-25.0567	-4.98897
-9.18577	-5.63641
-3.7052	-8.56152
-11.6804	-3.01887
-3.99097	3.3215
-2.68804	-3.41912
-3.40711	-19.2838
-23.1276	-22.7342
-15.0114	-3.51828
-15.0612	-13.7771
-11.0818	-11.3083
-10.7779	-14.5314
-12.6314	3.45484
6.76753	-7.9435
-11.1407	-23.2595
-18.8249	-7.28285
-8.71817	-7.53196
-8.00116	-4.31849
-6.78813	-1.47953
3.27211	14.4945
-3.27771	2.08812
-0.859353	-24.2742
-26.0685	-0.336406
4.21143	-10.9631
-10.9373	1.35049
-8.56058	-24.145
-31.7511	-23.5126
-25.3026	2.0157
2.02598	-4.11053
-5.11186	-17.6302
-20.0679	1.12238
0.539874	-7.13802
-11.9151	-14.9849
-12.7056	-3.79743
-10.8334	1.49775
2.73435	-0.273161
-2.77965	-13.4921
-12.8219	-28.6574
-33.6292	-7.98625
-9.60981	-9.19014
-11.3609	-8.6108
-6.97008	-15.8936
-28.8525	0.415203
-1.12104	-7.50012
-8.25815	-22.588
-18.0467	7.47121
3.7693	-3.27557
0.0512475	-12.7908
-10.65	-7.90548
-4.42059	-7.56572
-0.875207	-0.167323
4.15707	-24.0411
-18.5532	-20.3811
-18.6416	-12.4334
-13.9627	-16.181
-15.3435	-17.4258
-15.2416	-26.2719
-27.9942	3.41738
-2.05029	9.94438
4.02163	-4.90731
-8.91717	-5.26996
-13.2299	-6.04653
4.31976	-9.32879
-3.82162	2.3969
2.11214	1.94049
5.10968	3.19663
-0.889886	-13.604
-13.9672	-25.0882
-31.4119	-15.3989
-13.8488	-11.6085
-11.1087	-10.8066
-8.17628	-17.2146
-22.1723	7.67038
8.47851	-1.48284
-1.94613	-18.2923
-16.324	-4.79787
0.259674	-5.81708
-4.15079	-10.5853
-9.03797	-8.78564
-8.72801	-5.04267
-4.01166	2.94673
0.065351	-15.4589
-15.4734	-8.80058
-6.04965	-4.92776
-14.4842	-29.7405
-30.7021	-5.74807
-6.89222	-21.7222
-23.2588	-7.31161
-11.9883	0.623814
-0.138727	-6.04174
-4.43431	1.15455
-2.07586	-5.33354
-9.3467	-9.12707
-9.07005	-5.09002
-4.13789	-5.46933
-4.04877	-7.32462
-3.46953	-19.2442
-19.9705	-3.69994
-9.63097	-5.65908
-6.47439	-34.7045
-27.4745	-5.08773
-2.20158	-1.39941
1.72618	-5.91859
-0.514316	-17.0863
-14.8777	-12.6723
-17.2576	5.12429
-0.931512	-5.37938
-5.70411	1.15013
-0.464679	-9.70831
-3.6232	-6.91449
-7.50423	-9.83521
-16.0905	-22.8123
-21.9755	-28.3211
-23.5842	0.575997
1.19949	-1.5056
-11.1211	-3.3734
-3.17116	-3.52447
-2.03103	-4.17882
4.76563	-2.50594
-24.8177	-19.5909
-21.7011	5.07616
3.17725	-4.6131
-7.05513	-6.61735
-1.73764	-6.08403
-7.01115	-1.14798
-3.75008	3.79605
5.07191	2.68471
-3.15359	-1.41447
3.8171	2.2111
4.72005	1.04069
-6.29524	9.48715
0.816658	-1.16159
3.7987	0.0301083
5.35221	-22.9799
-21.6396	-18.4486
-13.3586	-3.99141
-10.8412	-17.6095
-20.6521	-17.626
-15.6098	-26.4097
-28.7193	8.735
11.4082	-1.27864
-10.4961	-16.7893
-23.889	-0.812913
-0.916284	-8.72485
-10.1754	-0.720889
-3.47181	-4.26418
-7.46874	-2.93157
-2.72287	-3.43168
-2.27718	-13.0967
-21.1137	-8.09445
-11.7958	-19.3565
-13.1367	-0.777482
-8.4718	-15.8248
-16.0149	10.1602
6.29989	-11.1062
3.56647	-0.943414
-5.13328	-17.2682
-19.3056	-7.93079
-12.3954	-7.0224
-6.2907	-9.40864
-7.13854	-4.60441
-9.83585	-3.25955
-6.43501	5.22854
4.49683	-12.6263
-11.0114	-23.3531
-24.5878	-12.8193
-13.9201	-13.7929
-12.7276	-19.8791
-12.8129	-13.4396
-6.4183	-3.76503
-10.5156	4.6681
3.49733	-6.09324
-1.6365	-8.58097
-12.4984	-11.5891
-0.0749416	-7.36737
-7.80841	-6.13555
-4.04503	-7.86782
-6.88989	-7.88306
-4.88848	-9.6906
-9.88337	-27.6115
-30.0556	-3.41261
-5.31458	-18.0628
-15.2038	-21.2643
-22.3806	-13.0154
-10.0487	-2.62886
-8.38114	-8.76807
-10.7632	-21.6893
-21.9544	-13.731
-11.4331	-5.85747
-5.30583	-3.22786
-5.56557	-6.0948
-10.9612	2.34471
1.47545	-0.531066
-3.12475	-17.2289
-22.8953	-5.10791
-5.86875	-7.88361
-6.79174	-3.23563
-3.21586	-9.29385
-15.0504	0.219789
4.58446	10.285
-0.111204	-3.9477
-2.3674	-12.2746
-10.8766	-11.776
-11.2545	-8.53578
-7.60444	-10.4596
-8.09689	-14.6734
-16.9155	-6.05165
-1.13266	0.0139639
2.68702	-11.3501
-11.012	-8.75741
-9.68693	1.90323
3.75697	-8.96775
-16.2613	-13.6849
-12.363	-6.10086
-1.28441	-13.7092
1.70722	12.073
9.71879	5.57573
1.61034	-4.45332
-7.00742	-10.8134
-19.8949	-4.94978
-3.08895	-7.46565
-2.40627	-5.79614
-5.0736	4.29026
6.16954	-14.507
-15.9916	-18.0407
-14.084	-2.82921
0.430626	-32.4286
-24.071	-11.3949
-19.0848	-13.9417
-8.36451	-6.62415
-5.64164	-2.78773
2.99597	9.55864
-8.47305	-10.4201
1.5302	-4.26725
0.215659	4.45084
-1.63822	-6.04533
-8.8516	-7.54768
-4.60795	-1.72552
-1.0227	-11.6571
-12.2444	-22.9217
-26.5427	-10.8595
-11.5294	-21.3401
-17.9525	-16.8915
-15.4327	-8.83416
-9.79619	1.47809
3.19734	3.42174
2.77118	-13.6818
-8.13512	-10.9466
-9.56651	-13.3943
-3.1175	1.47518
-0.805699	8.05135
0.944055	2.79244
0.344953	8.65991
10.6213	-17.5742
-11.447	-14.731
-21.9454	4.53221
12.8838	-29.0491
-27.9807	-10.9353
-7.3376	-18.0864
-5.25204	-3.63447
-5.94892	-16.4851
-17.8664	-3.90166
-7.45171	-14.6764
-15.5723	-12.8503
-11.1547	0.182766
-1.77532	-4.97059
-3.1982	-5.47555
-8.26461	6.42972
1.58877	-11.7475
-10.1691	-18.5466
-18.0022	8.59677
4.31438	-20.7143
-19.2048	-6.01012
-7.47208	-15.306
-14.3562	-7.00012
-6.62207	-9.16842
-7.13315	1.35423
-5.41573	-18.7885
-7.31975	-7.94513
-7.74334	-18.594
-10.318	-8.8219
-1.85973	-2.60895
0.916629	0.206162
-0.246256	-14.0564
-9.97545	-3.40247
-3.86202	3.93069
-3.9267	-7.46621
-3.21697	-7.94742
-10.0304	4.88038
6.361	-2.59612
-13.9385	-0.922503
6.9842	-4.73977
-1.11948	0.853753
-2.82339	3.85488
-9.92218	9.55214
9.68854	-1.43184
-5.24394	-11.8469
2.02426	5.28741
2.13645	-29.432
-33.1023	-10.4939
-12.8195	-11.6618
-10.4869	-7.43286
-3.19864	-7.21962
-9.69671	3.41325
9.41785	-6.01944
-3.61477	2.20552
-1.16505	-8.74949
1.08897	0.169314
0.367734	1.33398
-4.1176	-2.29638
0.31934	-8.11915
-14.9788	-22.6175
-31.081	-4.05195
0.0908365	-20.632
-19.3939	-9.13303
-10.8222	-23.2991
-22.8816	-9.98932
-8.98738	2.35636
7.19113	-30.0513
-21.7262	-2.35667
-10.7238	-3.73788
3.05036	-1.68704
0.993481	0.774624
-7.17867	-3.85555
-6.79807	-4.24272
-1.9366	-10.2558
-8.32029	-32.1797
-35.2044	-9.48598
-8.78247	-16.5021
-15.5991	-9.89488
-7.56898	-11.8008
-13.372	3.99865
1.08402	-4.68026
-2.58373	-21.1479
-21.002	-3.20323
-0.638594	-6.85127
-11.3498	-2.31561
-0.416724	-10.0508
-6.78515	-0.489195
1.54696	2.62982
3.44699	-9.70112
-8.83578	-30.4258
-28.6053	-14.6618
-16.7484	-15.0752
-13.5717	-9.18931
-8.39687	-14.718
-13.1622	-18.2997
-18.6076	2.5602
2.45941	-2.41046
-0.0478888	-12.5563
-14.2358	-17.1779
-16.6471	-1.68723
-0.148436	-13.6825
-13.0289	-2.89665
-5.79381	-9.39319
-8.00138	-10.3168
-10.3629	-24.082
-26.4689	-18.8849
-19.4424	-12.1817
-9.4882	-17.5422
-16.6376	-14.1393
-16.1905	-2.46892
-1.50951	-11.0089
-12.3315	-18.5208
-15.8011	-19.7576
-17.177	-3.99968
-3.0708	-5.47637
-2.78097	-9.29556
-12.6644	8.43948
7.35951	5.0922
4.41603	-8.66084
-7.05629	-11.422
-10.7201	1.29716
-0.486539	-25.6372
-20.8175	-17.1173
-11.3558	-15.7849
-13.8811	-11.9815
-6.4081	-7.67602
-10.8547	-13.8697
-19.3272	-0.0676865
-14.0288	-16.1565
-3.37254	-12.7747
-23.7028	-10.2713
-2.09805	-8.19381
-1.20133	2.09205
1.47422	-12.7819
-11.2801	-35.5378
-36.465	-5.7968
-7.18463	-16.914
-16.3771	-12.7536
-7.77149	-32.0178
-29.9457	-8.64488
-3.08419	0.951046
8.46676	-16.2381
-21.2811	-6.95147
-10.423	-5.8725
-4.04149	-4.53751
-2.20904	-4.80274
-0.902964	-0.504643
-1.42949	-0.669323
1.69835	-5.99782
-4.51053	-13.4133
-14.2424	-1.0276
3.6271	-10.9175
-7.60476	-5.42597
-4.64095	-9.05005
-5.45718	-6.2446
-13.8043	-8.67364
3.44365	-13.6808
-11.5816	-2.87754
-3.98743	-15.2736
-17.034	-0.6678
-4.45897	-7.34459
-1.09448	-2.18744
5.41503	0.282475
1.83812	-8.15226
-7.21374	-8.14073
-5.4364	1.17443
-1.60308	-11.7269
-16.8897	-17.3783
-16.1728	-12.4011
-11.2507	-11.3663
-5.88911	-9.80536
-17.3036	-7.6985
0.553477	-10.4632
-13.78	-2.91364
-8.50664	-11.5046
-11.3885	-21.7227
-2.65758	-9.02264
-10.3047	3.14515
1.06911	-12.9047
-4.75753	-21.2169
-22.1532	-13.5613
-10.6746	-19.1561
-13.4093	-6.58222
-12.9403	-10.5891
-6.64142	-15.824
-18.4673	9.33919
7.59928	-4.89317
-5.36296	-15.3613
-18.8909	-10.959
-13.5174	-5.02015
-4.98852	-12.274
-2.34751	-0.964079
4.20408	-3.8041
2.05719	-23.3698
-23.1626	-19.1229
-21.1166	2.82815
3.29376	-2.87492
-4.59705	-7.176
-3.97303	4.85816
1.21833	14.7906
16.3796	16.461
1.35477	-14.4002
-11.261	-11.6848
-11.3474	-4.86652
1.97454	0.760344
-2.47901	3.4682
5.17016	-0.214636
3.46654	7.0905
-3.14004	-25.2292
-26.3305	-20.3317
-19.0183	4.86826
4.44588	-7.48932
-3.67645	-1.62416
-27.1427	-18.7451
-20.2456	3.79991
3.92319	3.53956
-6.05839	-3.01099
-10.5177	2.77516
4.68938	1.44052
-0.558075	1.9326
-0.466792	-3.94333
-6.62344	-14.522
-12.6268	-15.781
-14.2203	-11.7347
-15.1674	4.66801
5.61798	-3.36593
-2.11664	-7.29883
-5.18996	-16.328
-15.2837	-32.7817
-30.8533	-14.8605
-18.868	-15.2477
-15.1653	-8.84377
-10.4628	-23.0347
-26.5006	-10.4502
-9.31845	6.33528
10.3543	-1.06079
-8.66258	0.00121566
-4.00819	-11.8177
-14.9495	7.97783
-4.03872	-15.2142
-11.7723	1.57823
5.08864	1.18092
-2.43229	-17.562
-19.5108	-10.4649
-7.40296	-1.20224
-3.77789	-39.5752
-41.2495	-15.3905
-12.9476	-15.8277
-15.8221	-17.9181
-14.9477	0.307788
-1.09633	-2.35769
0.690332	-13.1772
-14.5223	-12.2151
-17.3839	-11.1807
-12.0654	2.64154
9.26909	-1.81155
-0.601994	-3.78581
-3.91466	-9.58681
-7.19973	-14.2563
-14.2101	0.309341
-4.45553	-31.6104
-29.9617	-8.75554
-6.8432	-26.933
-29.3594	-12.1065
-7.8182	-4.5789
-12.4927	-21.7081
-18.4032	-4.37898
-7.44193	-13.598
-15.6474	-0.605025
2.20777	-5.54319
-8.5734	-2.40233
-3.24095	-9.42591
-8.07501	-14.3081
-13.7925	-26.0047
-23.4308	-12.2541
-14.6968	-18.753
-19.2321	-24.1225
-21.786	-8.04036
3.99999	-7.69612
-3.97777	-5.70709
-3.38917	-3.5914
2.45043	-3.28287
-13.8644	-0.138183
-11.2459	-7.64646
1.65212	2.42776
0.565638	-7.23489
5.22085	7.49904
-4.1153	-8.77498
-7.43261	-20.7736
-17.4242	-2.18605
0.966498	-26.0048
-26.281	0.745565
0.424982	-33.3776
-33.206	-20.5669
-21.0937	3.24727
7.01112	-15.6202
-15.6083	-0.16184
-7.96986	-6.68709
-1.3654	-0.0554162
1.2698	4.87956
10.6072	-9.52798
-10.7513	4.66899
-1.67111	-9.48356
-9.95973	-28.2526
-27.27	-19.8014
-17.7754	-10.2642
-12.0593	-11.8595
-19.5065	-5.50273
1.67179	-0.202215
-14.302	5.70357
-0.801933	-1.03558
-9.62201	-4.85763
-12.7839	-3.95624
-3.09919	-4.74775
-4.00116	-8.18493
-13.8007	-4.36767
-4.79084	-5.58671
-2.67966	-9.21296
-8.89371	-29.7991
-23.6745	-2.86251
4.02547	-15.2153
-13.0894	-20.7293
-21.4553	-9.48183
-1.45857	-3.08862
6.35108	-0.0270512
10.1624	11.6105
6.56962	-6.4021
2.53621	-3.52205
-4.59576	3.23879
1.23998	-5.88389
-9.33931	-4.65484
-3.48383	7.28576
7.19835	-17.3528
-14.5673	-21.0575
-18.3567	6.91177
6.81462	-26.6652
-26.5677	-11.5446
-5.41673	-26.8949
-28.7044	-10.4143
-4.03794	-10.0867
-6.1981	-24.5341
-23.7712	7.73535
0.580361	-11.1479
-9.68348	-13.0265
-10.5896	-7.29206
-7.07599	-1.83712
0.281519	-8.24187
2.70823	-26.497
-31.1481	-13.5615
-15.0438	-2.30394
4.81348	-5.05897
-13.6538	-7.21257
-17.7759	-13.4951
-15.8531	-8.88812
-12.0639	0.55769
2.38907	-23.6466
-19.572	-10.3802
-15.11	-1.41582
-1.72086	-9.0218
-7.12311	-7.95241
-12.7517	5.14983
2.24867	-8.57709
-7.87254	-22.5443
-33.3443	-7.01018
-6.61566	-11.7349
-12.262	5.22587
-4.70304	-19.2795
-10.631	4.88832
-3.51915	-3.83561
-1.39596	-5.24134
-6.73539	7.79962
-2.13515	-4.88737
-9.25009	-13.1987
-22.1962	-13.6143
-12.3358	1.32966
3.37813	-2.38026
-2.43302	1.9804
1.11269	-9.85317
-8.63478	-19.1232
-22.8231	5.24149
4.26823	-17.3104
-19.8927	-17.5201
-15.3292	-3.20641
-1.3949	-4.38576
-4.4726	-11.8781
-9.81273	-22.6665
-24.6176	-2.50323
-5.18174	-3.72308
-4.14475	-4.69274
-2.17695	-7.12783
-7.63896	0.702718
-0.771565	-1.49821
-4.12429	-11.8855
-10.0363	-25.9798
-19.1249	-9.28623
-12.2049	-21.4037
-26.299	-2.28974
1.59723	-11.6672
-22.9708	20.0809
20.869	-16.5298
-10.8321	-14.5215
-15.5019	-1.29545
-3.54316	-11.9798
-11.583	-5.11486
-12.6448	-10.9917
-28.4131	-12.7302
-17.7982	3.77303
9.14683	-1.45368
-3.57146	-3.51356
-6.63893	0.258386
-11.4416	-7.14406
-9.28583	-1.3332
0.538383	-23.9457
-18.6437	-3.31917
-1.9854	-20.8133
-20.919	-3.80731
-5.40194	-2.23237
-4.87188	-1.71427
-0.33109	2.39981
7.84067	-14.9867
-12.9336	-28.2444
-33.6992	-6.56721
-7.20396	-16.7835
-16.113	-10.2215
-13.2532	-14.4829
-22.2518	7.10452
6.66089	-0.441665
3.86374	-19.144
-13.7469	-2.30881
5.95214	-8.96282
-11.8947	-5.38429
-5.88941	-2.99672
6.43457	14.5784
-0.665237	8.52764
-0.872532	-25.1615
-18.3325	-20.2177
-20.5305	-17.551
-15.8262	-11.5836
-14.5342	-22.3471
-22.5026	-14.766
-15.3946	9.03717
9.14305	-18.0704
-21.4099	-14.2593
-14.9144	-7.45199
-12.6441	-9.40207
-17.5492	-9.20538
-7.31829	-0.401529
-3.68842	-2.02128
-12.7332	-8.60366
-8.97892	-9.13978
-5.72807	-17.1518
-13.7926	-10.0494
-1.32799	-5.56391
-8.80814	-21.3943
-16.3172	-23.5238
-18.7797	-22.9708
-9.68227	-3.28495
7.11013	-13.3226
-18.179	-14.3604
-11.7985	-7.07012
-7.09799	-8.97086
-9.86729	-1.38356
-7.02789	-3.95962
-6.75222	-1.81946
-1.57098	-8.42352
-5.9349	-29.2558
-19.6447	-4.70075
0.570113	-9.48343
-8.97671	-7.56685
-8.99901	-11.7801
-5.25154	0.982379
0.846783	-0.408732
2.59083	-10.3603
-7.29593	-22.9756
-13.097	-20.0616
-10.3483	-8.79077
-3.44875	-3.44684
-3.27672	-11.6632
-8.78571	1.49682
2.976	-9.10733
-8.72512	-8.3047
-9.96459	6.31223
4.72626	-10.004
-13.2557	-6.44637
-14.3189	-9.95314
-8.02023	-1.81712
-6.93981	-5.81728
-0.930712	-14.0299
-12.0978	-5.98812
-4.87717	-19.7102
-19.4554	-3.13279
-1.70365	-6.08521
-7.6834	-4.68958
-5.59665	2.81336
1.04665	-9.72511
-9.18231	-15.3982
-12.4248	0.110909
1.86334	-26.8618
-24.697	-11.1012
-13.9123	-9.14869
-11.139	-10.6345
-12.3426	-14.0311
0.0473237	-1.07348
-12.7831	-5.19376
1.04184	-0.130798
-21.3914	-4.36164
1.41169	-16.8897
-7.91581	-13.6562
-12.3564	2.2481
6.17172	-13.3309
-11.8971	-29.1545
-30.5379	-8.95659
-7.12865	-22.5483
-20.1593	-12.4017
-10.899	-18.0056
-19.7804	-3.12439
-4.05508	-2.81458
-5.29621	-18.1264
-18.0548	-9.40208
-9.94047	-8.01981
-11.7436	-6.71775
-2.23525	-7.99563
-12.6131	-0.270643
5.33767	2.92202
10.2906	-7.86175
-6.63392	-13.1415
-13.2474	1.82872
2.44914	-31.3968
-22.3019	-13.0348
-8.5109	-15.1902
-8.12055	-7.26252
-6.13228	-5.05783
-6.04752	-3.71995
0.803225	1.52452
-4.90283	-20.5851
-23.6203	-2.21372
-2.66143	1.80589
0.950477	-5.51918
-1.38922	-0.079439
1.43052	-12.0137
-14.2981	-20.6128
-24.2597	-2.49995
0.339059	-29.3726
-26.7569	-7.62752
-11.2026	-18.2022
-18.5918	-1.55775
-6.5108	5.15153
4.3156	-8.30948
-9.65438	-13.468
-18.2844	-3.22931
-5.54665	-9.34391
-8.89954	-0.26855
-0.0555769	-9.25353
-6.26766	1.02361
-2.25844	-14.4502
-14.0902	-29.8448
-30.6987	0.897066
5.74194	-24.9471
-30.7225	-2.84886
-0.857175	-21.3934
-17.5738	-11.4951
-18.1076	-0.636432
1.16209	-11.1878
-11.0127	-9.79687
-6.70275	-5.00681
-10.6961	-8.4634
-9.26458	-8.66447
-11.5177	1.09274
-0.39439	4.54371
-1.72817	-20.2897
-19.7168	-16.699
-23.9723	-5.85878
-5.54347	-24.877
-20.4212	-12.4203
-12.4841	-6.26226
-10.7725	-3.19475
2.84407	-2.19046
-7.06618	-19.2327
-9.17895	-10.8758
-3.36423	-11.9962
-4.72017	-9.38716
-8.06196	-0.437667
0.0566444	-5.29785
-4.79196	3.11568
-0.0206324	-11.1216
-9.10072	-23.447
-21.3991	-16.8507
-11.64	-19.5163
-21.6408	-3.24493
-3.45386	-19.1016
-22.854	-16.6273
-4.57538	-0.24618
-4.66408	-24.1821
-22.49	3.42765
2.68322	-12.4756
-9.2357	-7.7753
-14.3067	-8.19177
-1.02011	2.0222
0.0883982	1.71608
3.45099	-20.3575
-21.9627	1.21648
-1.72759	-7.47427
-5.30327	-34.6464
-32.5525	-13.2485
-16.5821	-0.647609
-0.940366	-4.72603
0.246975	-13.6357
-13.8242	-11.2797
-5.59587	3.80611
-2.78589	-6.9271
-2.67426	-13.3127
-18.1759	1.95091
5.01894	2.45506
1.20079	-4.98731
5.15046	-35.5858
-32.7583	-12.7886
-16.8434	-2.24825
-3.95142	-6.60122
-5.96873	-15.5371
-7.98087	-4.46057
-18.9197	-0.49471
-0.00782519	-2.14627
-2.67857	1.88585
4.30572	-14.4183
-9.90447	-12.2398
-5.3833	-12.1599
-10.7751	-0.193433
3.94869	-9.01913
-10.1089	1.70378
-0.227664	-19.9021
-21.4081	0.365801
-0.0458764	0.0628793
-1.4727	-39.5911
-39.2725	-8.38586
-6.85126	-12.909
-9.83509	-11.7186
-12.3131	0.110341
1.07319	-9.03755
-7.80232	-6.36272
-3.97965	-22.0915
-18.4738	-5.34982
1.81856	-9.45736
-3.74747	-1.94481
2.47106	1.74238
5.43578	-24.5775
-35.0712	-17.8743
-20.145	-10.3628
3.63521	-17.6973
-14.3038	-2.75799
4.69366	-17.1461
-13.3252	-12.3435
-6.60734	-1.1162
5.35503	-14.2421
-7.47092	0.556125
-1.98255	-4.42136
-3.82765	-4.18403
-13.0516	-11.4653
-0.818113	3.29784
0.797159	2.67945
4.4539	-25.368
-20.0498	-20.536
-20.9879	3.09749
3.19336	4.09989
-4.35657	-10.1837
-0.0759587	-5.81757
-8.49352	-13.7847
-17.1436	-20.1235
-26.106	-19.4265
-24.1817	-23.8406
-15.2879	-10.4632
-9.06923	-10.8381
-3.89018	-19.0614
-8.04548	-7.10487
-3.61089	-0.34486
-7.04955	-18.2376
-21.0555	-23.4366
-24.6526	3.6901
-1.10186	-6.95094
-9.08683	-3.43867
1.35679	-1.17356
-3.95231	-3.82091
