-20.6957	-14.0155
-20.5973	1.06563
4.44503	-8.33368
0.176925	14.2551
3.82826	6.65232
-2.71096	0.38427
-6.07326	2.12187
-4.23989	9.80624
-0.973822	-7.29932
-4.88766	4.22725
-5.10438	4.89331
4.26787	-10.4609
-21.8677	-2.95624
-11.296	-3.81662
-7.18882	-14.924
-15.9161	-4.16323
-9.37714	-16.9921
-15.5041	-39.7146
-38.073	-10.8038
-9.59294	-7.50168
-10.2617	-12.646
-13.6885	-13.1743
0.783693	-8.92394
-17.3787	-37.6507
-18.9793	-8.03016
1.96857	-15.1729
-8.45204	0.353176
1.65786	-0.57188
5.00322	-0.558657
-8.14096	-37.6104
-30.4924	-11.9157
-18.9109	-16.9273
-16.1004	-28.0921
-28.8165	-19.9307
-23.0494	-5.70313
-1.28241	5.15622
5.18975	-27.6906
-28.938	-8.99834
-8.48057	-24.4476
-25.0383	-6.56551
-7.55115	-5.73171
-4.13765	-5.70352
-7.89953	-5.74895
-0.0850596	-6.01928
-0.0258812	-27.0072
-17.2471	-11.0481
-22.5683	-13.9504
-10.9658	-23.9702
-27.5155	-25.1995
-22.6932	-17.2319
-19.7176	-18.1795
-14.9309	-10.328
-11.5825	-9.35264
-12.0135	-9.79729
-11.2609	-8.65334
0.12274	-13.0771
-3.96427	-17.3398
-12.7455	-24.995
-28.5833	-0.541789
-2.76991	-15.0123
-13.4033	-29.591
-25.1998	-20.6611
-22.2991	-13.627
-16.0095	-27.5423
-23.7409	-18.4263
-11.3515	0.655461
9.53436	-10.038
-15.555	-7.61506
-8.73014	-11.7509
-9.96795	-13.6214
-11.5463	-1.84302
-1.09299	-1.43454
-0.514729	-3.35793
2.90911	-8.81108
4.01111	-18.7023
-22.409	-13.2906
-11.974	-13.3398
-12.3759	-41.6727
-43.1124	-0.88909
-2.11204	-10.2008
-5.75049	5.01809
7.26818	-14.6591
-20.4936	-9.8398
-17.7186	-14.7869
-19.6177	-15.1782
-18.0814	3.77601
-7.36498	-2.07641
-5.72229	-2.18522
0.355111	-7.57718
-8.70374	-4.24093
-2.7075	-16.7247
-13.228	-16.6552
-15.5302	-32.1827
-25.936	-18.4446
-16.2566	-0.847002
-2.93846	-12.239
-12.3513	-10.6888
-16.3599	-12.0759
6.09773	-10.5022
-7.00215	-8.8953
0.0287579	3.47319
2.23863	1.34399
4.08412	2.29442
-2.6329	9.03359
5.36466	-21.556
-21.9088	-17.7677
-25.0001	-0.189248
-2.3202	-6.26484
-5.68213	-5.49734
-7.74497	-6.92424
-3.58757	-3.34759
-6.26823	2.49868
-19.6629	-17.5179
-20.7024	0.744579
-0.784214	-11.1153
-14.6591	0.69938
-9.24239	-0.416195
-4.70016	-0.577692
-11.6494	-11.4069
-6.43525	2.75945
-7.86253	6.33515
-1.79429	-6.77362
-11.0341	-4.56497
-7.58986	4.75143
-4.11761	-4.92262
-4.57189	-2.37631
-3.69029	-14.1059
-16.981	-19.2292
-17.5452	-11.4704
-11.3812	-27.7079
-23.1329	-28.1252
-29.3212	-11.8587
-13.5848	4.86049
5.27319	-25.1397
-23.0829	-7.90275
-6.73461	-22.1518
-16.9713	0.515669
3.53019	-11.0645
-11.6788	-21.793
-21.695	-12.5454
-8.54714	-8.18307
-6.99151	-17.6341
-9.91163	-17.1806
-16.4755	-10.251
-11.3699	-40.9073
-44.5963	-6.63018
-10.8905	-21.9673
-24.0136	-3.1247
-4.65798	-24.6846
-23.3456	-18.2061
-12.6233	-9.68734
-4.94102	-27.3709
-25.5544	-3.53579
-7.01788	-2.08271
-0.855825	12.872
12.4984	12.9336
20.8063	-28.0815
-26.3084	-11.7248
-17.3278	-9.76587
-9.20253	-31.1216
-28.5384	-43.3077
-39.653	-35.935
-31.5985	-1.2638
-0.0530505	1.90168
-1.19907	-6.94954
-12.4908	-24.6097
-22.5236	-4.88517
-8.96127	-9.48219
-8.93552	7.12068
2.31142	8.75613
0.122934	7.9531
9.49446	-25.0266
-26.0482	-32.5954
-30.9719	-13.2917
-12.7276	-27.707
-25.8679	-9.39314
-6.92319	2.71483
3.14456	12.1186
13.4431	-27.8887
-26.0251	-7.85874
-10.2641	-8.61075
-8.16283	-7.46725
-8.98853	6.56292
3.4154	-5.34359
-8.56687	-6.41306
-3.58347	-5.45289
-5.73984	-26.4156
-25.6478	-7.62161
-5.889	-19.8049
-22.7554	-44.0618
-44.1393	-14.3279
-14.6929	-19.7661
-19.0214	2.36126
-5.21996	-15.0958
-21.8438	-8.6062
-16.0741	-11.9785
-21.5726	-1.42523
-4.71321	-9.08231
-1.75365	6.03114
14.753	4.19498
0.198973	6.96165
3.15832	-34.613
-32.3512	-17.9655
-14.9707	-14.7756
-8.91893	-31.5308
-40.4999	-29.8852
-22.7992	-23.8615
-25.8821	1.57201
0.618687	-19.7784
-22.706	-8.59067
-8.49653	-16.035
-4.54516	-20.6945
-18.7589	-1.47042
-11.8337	-24.9493
-20.4613	-8.3808
-11.6343	-5.4656
-7.78812	-24.275
-25.721	-4.01385
-12.0359	-25.6103
-17.8301	-35.6076
-32.2065	-0.143426
-1.87796	1.4127
3.48086	-11.9516
-14.1563	-23.9533
-22.0002	-14.188
-14.509	-12.6538
-15.5065	-22.2408
-20.0172	2.06464
0.219085	-9.5572
-6.45585	-8.94087
-6.0474	-5.51548
-5.55477	-18.8977
-20.7853	-16.4949
-18.1269	-14.6552
-16.0599	-37.6788
-35.6887	6.56637
5.69533	-12.6857
-9.96237	-4.35655
-5.40543	-19.2126
-20.7913	-10.4829
-6.15538	-17.0081
-22.0695	6.34264
2.05606	-4.93778
5.99319	-2.29498
0.0702073	-2.87849
-17.544	-4.87833
0.293978	-16.5414
-24.3265	-24.6651
-22.105	-13.0752
-11.2994	-25.4135
-18.5468	-13.6064
-10.9685	-20.7769
-13.0672	-2.5867
-7.15996	-30.8737
-29.8575	9.3596
4.83165	-12.1555
-18.4541	-1.59181
3.75266	-4.57232
-3.12568	29.0184
32.8828	19.2766
20.7844	16.2296
7.94369	-18.2627
-16.7402	-28.3477
-27.1685	-10.8051
-10.7588	-22.9945
-15.1306	-20.6597
-21.6012	-18.427
-9.20875	-9.92592
-9.32538	-5.41796
3.60659	-0.47893
-4.51751	-5.61133
-8.85017	-0.225062
1.06214	-2.69061
6.25711	-7.53719
4.87321	9.84566
8.62836	1.24331
-21.4133	-18.8567
-23.6507	-0.252882
-1.41353	-5.06192
-5.19045	-9.09566
2.01077	-2.56348
2.69748	-1.48718
1.46076	-12.5752
-9.5098	-8.89448
1.79627	0.209289
-2.87915	-0.0265589
-4.29255	4.71618
0.264999	4.69046
-0.855902	-7.17724
-3.77474	-10.0235
4.22469	-17.1122
-18.6341	-29.7543
-28.0156	-11.748
-9.54483	-34.157
-36.2149	-28.573
-29.4083	-3.63754
-11.3356	-4.26012
-8.72771	-17.1588
-15.3828	-5.3801
-18.5097	-22.7259
-21.3138	-17.9775
-15.8894	-5.70451
-6.34821	-10.9226
-9.98592	-17.3434
-8.27871	-9.31704
-8.99301	-24.4969
-26.4804	-26.5231
-26.2226	-12.0751
-16.9786	-13.9246
-28.0391	-31.0452
-15.1743	-13.1259
-9.45265	-5.41461
-11.9041	-22.2203
-16.6271	-8.53729
8.00258	-10.9964
-8.88129	-7.94436
-6.07467	-27.8929
-22.3812	-10.0197
-9.52966	15.7072
15.573	13.4985
9.57497	-11.7119
-11.9711	-29.3355
-30.4602	-16.5278
-16.7227	-29.234
-28.5172	-15.7757
-13.9698	-30.4386
-18.1017	-4.34724
3.93415	-19.3373
-28.446	-9.88752
-6.73121	-5.91867
-14.3414	-14.0502
-4.73219	3.51351
0.0594906	-2.52353
-7.13655	0.453804
0.375133	1.08032
6.77076	-28.6445
-32.1375	-22.6606
-17.2079	-4.88965
-1.21619	-15.7579
-17.7251	-7.07033
-4.66631	0.302926
2.73811	-2.29337
2.61962	3.53344
-15.8764	-6.31356
-11.0945	-8.45586
-13.4261	-12.1415
-8.6724	-1.6923
-8.8974	-3.58533
4.06887	-1.71932
-3.96788	1.57123
0.777421	-5.20937
-5.2145	-19.3588
-15.7521	-11.4276
-2.70121	-14.8942
-4.94164	-13.2222
-14.5857	-16.2173
-16.6957	-5.07132
-5.14975	-20.8087
-17.5135	-0.0469886
-0.974656	-11.5788
-3.67208	-21.3265
-16.7391	1.60233
-0.625085	-1.37844
1.45735	6.05345
3.41873	4.08412
-5.11803	-19.2533
-19.1378	-22.3011
-19.99	-12.3344
-8.65441	-22.0807
-15.0719	-7.98795
-7.67578	-17.4334
-11.2718	2.39766
-4.96062	-20.0583
-19.0828	-15.1644
-14.8795	4.5311
5.81447	-14.5341
-13.456	-6.87321
-5.92079	-5.44603
2.05388	9.50658
10.3633	14.5947
9.9157	-13.6323
-16.2312	-32.1898
-30.2241	-7.31323
-2.24534	-8.21245
-0.815257	4.33332
-2.35306	-8.39116
2.13443	1.41234
9.72657	-8.5236
-21.4923	-1.90057
-23.668	4.30911
0.262965	-7.82077
-9.21728	-7.74131
-11.059	0.0229687
-6.13703	-3.7707
-3.7363	-7.4478
1.4992	-11.0929
-8.83323	-19.3482
-21.2344	-3.55292
-0.932969	-10.6529
-7.77343	2.81879
-1.57149	1.0111
-1.9961	5.78754
-2.93408	-14.8293
-13.471	-5.17501
-10.9687	-19.6221
-18.9622	-12.6456
-12.0979	-8.16285
-13.8812	-7.72589
-1.45187	-6.92575
-8.425	-8.40655
-10.1418	-18.5764
-22.6927	4.29632
5.05679	-10.4583
-9.67612	-37.167
-41.956	-11.4573
-7.26404	-12.7325
-13.1062	-8.55905
-3.4122	-21.2962
-23.5635	-13.0118
-7.41599	-2.41013
1.90188	-5.85833
-3.66772	-12.5686
-14.9079	-12.7477
-5.21319	-10.6751
-10.395	3.45228
2.72645	-17.8031
-19.8156	-25.9231
-28.3509	-18.762
-17.8651	-3.99254
-6.40261	-24.7443
-23.8629	-10.8888
-11.1722	-0.518487
-1.90949	-26.8094
-15.2358	-9.06383
-2.06449	-20.1719
-12.4776	-15.4462
-7.1493	-0.577377
5.19234	-2.87071
-9.59339	-6.77918
-1.83981	-7.68339
1.88493	-34.2581
-34.3528	-14.2604
-17.8176	-8.16028
-11.7847	-7.25719
-9.16118	-16.4107
-26.5533	-19.0106
-12.8023	12.4942
20.85	-13.8234
-12.0843	-12.6921
-25.0804	-14.3646
-10.8843	-5.61843
-11.9543	6.93898
18.3136	-3.57782
-5.90028	-2.47227
-1.78807	2.58534
-4.81622	-3.24243
-10.9223	-14.3878
-14.6796	1.70838
-1.27425	-15.2177
-10.899	-6.81345
-16.4203	-0.0877562
-4.47979	6.87257
2.30744	-4.25545
-3.9775	-7.47334
-4.36455	-11.0875
-18.1762	-5.47845
-8.9009	7.78232
-2.22755	-1.88305
-5.94753	0.189533
-1.59412	4.50234
4.855	-23.1037
-20.1265	-23.931
-14.268	-6.54107
-11.1209	-14.3422
-13.2245	-30.1282
-29.6396	-29.059
-24.8399	-12.6027
-13.4074	-8.73245
-3.14804	-30.9856
-23.8151	-15.5623
-18.5085	-15.9234
-17.054	-19.0222
-9.47252	-27.8107
-28.702	-16.6757
-14.2566	-3.08003
-6.58211	8.95858
5.11124	-12.045
-12.688	-20.7525
-19.9739	-14.0616
-14.0241	-24.0476
-28.7268	-25.0739
-20.1146	-15.0363
1.37336	-24.7385
-22.764	-12.5352
-18.2936	-21.3535
-11.5762	-7.77563
-4.16809	-10.0491
-6.7336	-18.7133
-26.4431	-10.2124
-6.96579	-6.60401
-2.61309	-0.252981
-2.11667	-19.0615
-22.6691	-35.9237
-36.2927	-14.8247
-12.642	-27.8874
-34.0495	-10.0735
-10.8703	-6.61765
-6.12618	-7.4195
-9.01247	-6.92766
-22.2442	-2.1549
5.93013	-8.38691
-3.96351	-4.87943
-2.918	11.4658
6.84907	2.41899
17.6549	-2.04291
0.159445	5.36239
-6.24674	-20.7165
-21.592	-19.4644
-17.4943	-2.70071
2.75272	-13.3126
-4.81745	-4.46851
-1.59962	8.89132
-5.76094	0.731884
0.625456	-20.4494
-23.9989	-12.9426
-1.37354	3.31039
-3.49351	-13.5646
-8.22286	-10.0285
-1.31642	-8.76592
-2.01226	-11.7261
-5.49446	-0.0225244
4.71691	-6.74419
-8.87149	-15.732
-15.0545	-10.3295
-2.11919	-17.5998
-8.93831	-3.83066
-6.12382	-7.7699
-8.43284	-4.4738
7.16641	6.90461
1.12539	9.66447
8.38719	-12.5262
-16.8011	-1.33281
-7.57407	2.61564
-5.30294	-8.46884
-8.39734	0.120401
-5.44975	-2.04073
-6.24631	-17.2498
-11.4317	-24.0956
-19.0379	-5.78301
-4.64919	-17.2865
-20.6509	-15.6619
-24.9974	-15.711
-15.5752	16.6646
20.9683	-16.4576
-14.8781	-13.2792
-12.7244	-22.591
-20.5016	-6.41998
-8.47681	-6.61877
-10.8944	-4.50725
-6.25478	0.743354
-4.96923	-5.79252
3.1143	-32.4189
-37.3487	-16.9123
-23.578	-4.25898
-1.0559	-0.160327
-8.92074	-12.9548
1.42875	7.6767
0.222409	-3.09515
-3.97853	1.5018
2.56548	-1.50215
-3.2974	-10.8742
-15.8836	-8.1893
-12.8666	2.583
7.06383	-11.9696
-16.4321	-8.42097
-11.7373	-3.39233
-5.24029	-17.2582
-16.4679	-33.513
-33.4458	-19.1289
-17.1517	-8.36435
-10.0119	-6.8415
-8.4244	-19.4584
-23.3997	14.4251
1.5121	-6.64413
-20.023	-25.0514
-13.2587	-12.5635
-3.27393	5.73748
3.07192	5.95423
-2.09771	0.945613
10.5691	3.88406
-4.01411	-3.00512
1.72619	-22.33
-25.1619	-19.845
-12.1629	-6.18368
-18.5172	-17.0291
-7.48908	-11.6039
-11.242	8.19131
4.8533	13.098
1.18165	3.44767
1.13745	6.47967
2.92163	-8.67427
-8.52839	3.7736
-4.46737	12.4623
6.5363	5.41187
-1.69803	4.30066
2.37788	11.7
6.25714	-35.2518
-31.7397	-12.5281
-16.4487	-8.10324
-7.22256	-8.21767
-6.7887	-9.39692
-3.06639	-9.68454
3.66348	-5.36151
2.68692	-9.60782
-2.31173	-2.06093
3.96974	-2.01385
5.32016	7.03594
-21.8571	-15.326
-25.4386	2.0166
4.18852	-10.204
-3.21905	-2.325
2.32181	6.01718
-1.62005	-2.34311
-1.61815	2.25179
12.1646	4.2683
5.76676	-4.73503
4.64866	2.06374
7.10225	7.07715
-4.93899	7.80964
4.73098	-0.227629
-1.21296	10.1796
10.9075	-18.7676
-16.5354	-5.89825
-11.4619	-19.552
-20.7307	-39.9842
-35.7469	-18.6578
-22.8161	-17.5873
-12.0954	-2.31197
-7.51013	-11.8022
-18.3313	5.90695
10.3683	-16.1697
-8.47044	-21.9433
-25.469	-15.5833
-10.3383	2.53251
-0.536924	11.7984
9.58545	9.22975
12.3452	-22.0584
-20.7786	-32.7349
-29.0887	-19.0297
-8.28157	-23.7048
-17.1403	-19.0151
-12.803	-6.7378
5.1829	3.81868
9.31074	1.98514
-7.21848	6.89566
5.42675	-19.4263
-13.6648	-13.0334
-17.3641	-3.03207
-4.50724	0.435689
-0.170992	3.53139
3.97812	7.07518
10.6067	-26.5819
-21.3178	-37.3919
-31.5324	-14.3129
-7.16204	-27.9725
-21.8887	-12.3855
-7.56471	-3.79562
7.53897	-1.58097
0.19252	-19.1583
-12.8952	-9.482
-1.58266	4.59363
5.36851	-5.41098
-13.9102	-5.7867
3.46341	-1.51837
2.27459	2.04846
1.64484	-9.21368
-1.71819	-9.93201
-16.1043	-32.9428
-35.4041	-21.1528
-16.5021	-16.8264
-19.6556	-13.2979
-16.982	-9.77303
-8.28986	5.54166
3.00806	-19.3353
-19.2949	-6.46151
-10.0696	-9.75654
-13.9967	-12.9199
-14.7236	-3.0737
-1.46706	-0.931687
-3.55912	3.67826
7.24587	7.32167
5.31377	-16.2285
-16.4506	-28.5249
-19.3649	-13.0613
-13.2268	-28.9785
-23.0156	-16.064
-17.0644	-14.3481
-9.62378	-12.5755
-7.71446	-15.7346
-25.3424	-10.4812
-12.0038	-10.4025
-9.68063	-14.9975
-15.667	-8.47265
-10.6298	-7.10047
-8.12886	-0.197391
1.53493	0.643367
7.23688	-28.2192
-29.9893	-14.8146
-10.1145	-13.6453
-17.2768	-31.2489
-32.0123	-10.9695
-15.3882	-23.4328
-19.0934	-8.68061
-5.00172	-15.6943
-15.3912	-7.26284
-22.7862	-10.8725
-9.29892	-15.9602
-14.0594	-15.1842
-9.50882	-0.600879
3.36998	-6.87768
-0.68251	4.2998
1.65818	-19.9275
-18.5489	-7.31743
-6.26562	-14.3668
-16.6579	-44.0371
-42.306	-11.019
-14.1983	-35.4244
-32.1582	-1.97608
-6.02348	-14.038
-8.61004	-7.34796
-11.8409	-20.9022
-13.082	-6.42007
-7.88253	-18.1127
-4.03443	4.11545
7.97488	3.89635
0.216341	5.35752
0.99076	-21.2662
-22.3633	-15.7511
-19.0936	-0.757574
1.3969	-9.43837
-6.29476	-10.7421
-16.6005	-1.73091
-3.52288	4.52307
17.6532	-23.6228
-23.3032	-13.1555
-18.0647	-18.396
-19.3748	-14.4075
-13.0954	-3.97557
-6.23907	-5.34677
-2.71393	2.17836
2.27017	-7.49463
-7.48559	-14.449
-17.2537	-11.7256
-15.7546	-8.87123
-12.9658	-22.4235
-10.8107	-5.48327
-15.5296	-0.909004
-12.5912	9.63721
10.5221	-32.8032
-35.3791	-0.629292
-7.96331	-14.0674
-10.8657	-8.56156
-4.34726	15.2824
21.227	22.4245
20.4778	25.966
20.1302	18.0539
10.784	-29.9312
-34.4087	-17.8096
-15.752	-10.5403
-11.1336	-16.0552
-13.7252	-19.1083
-17.1171	-8.01131
-0.871364	-5.67112
-3.49911	-10.6869
-11.0418	1.04262
-1.54023	-6.01166
-2.1842	-2.95946
1.06245	5.73804
9.07757	5.10104
-9.19057	-9.5299
2.74404	4.78845
5.47459	-11.5219
-15.2823	-25.8978
-24.5867	-1.17912
-7.99186	-44.5815
-43.2355	-7.84652
-8.7703	-6.99729
-11.9616	0.188162
-2.5129	-6.62136
-9.86331	-6.6769
-11.0756	-4.58044
-4.957	-9.35048
-12.717	1.23915
-4.3345	-13.5729
-9.58278	-4.37423
-5.21745	-10.4659
-4.32811	-14.0566
-14.9293	-34.2996
-34.3751	-20.7913
-18.7198	-4.93515
-9.88144	-7.16799
-7.82038	-23.6
-23.0856	4.55603
9.20505	-25.0595
-15.9273	-16.9696
-20.7855	-5.4143
-4.98927	-2.69925
-4.20033	-9.96396
-5.48022	-15.2065
-15.7385	-5.71752
-5.47711	-5.07705
-5.63639	-24.3153
-25.0295	-15.0572
-11.0038	-18.2646
-18.5253	-35.0225
-37.1397	-11.6849
-15.2011	-14.868
-14.6288	-2.28546
-3.0116	-17.3792
-9.08347	-11.9049
-11.1698	-7.9669
-13.2652	-9.92774
-11.067	-7.25976
-4.62846	-12.2758
-13.9622	-8.70796
-14.0624	-2.04989
-6.2964	-7.30432
-6.31624	-13.7818
-9.86666	-11.4451
1.47263	-16.5253
-14.491	-13.2374
-6.97153	-10.9246
-7.51614	-11.6017
3.20557	-1.98785
-5.56249	-13.0222
-3.24129	-9.26185
-13.2974	-20.7716
-19.386	3.77036
-4.9206	1.8068
-7.4539	-7.0606
-8.59191	5.49274
0.462097	-16.2852
-11.8868	-28.6662
-23.9089	-11.3161
-10.018	-13.7255
-7.50111	-15.6864
-16.051	0.926388
4.98982	11.9036
2.79031	-4.73389
-5.31521	-0.651483
4.44041	-6.6332
-18.2076	-4.01748
-10.4876	8.15724
3.69271	-10.3182
-14.6365	-9.3428
-6.31963	-5.12373
-5.33626	-23.5219
-23.0674	-30.7818
-29.9407	-1.51629
-3.04287	-15.9336
-14.5275	-15.5015
-16.1414	-12.7453
-10.5295	-15.7129
-8.99951	-19.3611
-20.3623	-11.9356
-3.94236	-22.6122
-7.38214	-3.38342
-5.81663	-12.184
-11.6826	-4.05534
-7.5884	-4.30101
-11.7609	-3.47281
-6.28048	-5.70175
-5.56614	-9.5799
-11.4165	-1.7795
0.388954	-15.0417
-16.7894	-12.1937
-11.5051	-6.21963
-0.948412	0.218466
4.18813	-3.03155
7.36428	-9.38919
-2.70201	3.62364
-5.47663	4.70631
10.4011	9.02866
11.8368	4.49291
2.09838	1.31189
8.0948	2.25564
7.50016	-30.4924
-31.0509	-16.3822
-17.3773	-9.76318
-4.85959	-6.96645
-15.8648	-8.25717
-7.57057	4.38722
-8.91118	-5.00367
1.78808	-1.26829
-3.56629	-11.9934
-6.33175	3.71317
-3.34581	-17.9013
-3.05401	-7.17641
7.90182	0.400494
1.51664	10.9974
-2.17141	-6.50639
-2.15719	-24.57
-29.1262	-7.54202
-4.42587	-9.46986
-29.1044	-39.0286
-40.4912	-19.4258
-18.3228	-27.0964
-19.2934	1.9224
10.6749	-20.3024
-30.8366	-16.7619
-12.6042	-11.4806
-10.5495	-15.3211
-18.6354	-1.14516
5.25348	4.66729
-7.93108	-1.99651
-3.90816	1.70297
-1.29039	-24.6177
-24.7931	-34.0179
-30.2136	-14.0272
-12.3778	-27.3513
-29.4835	-9.14165
-8.74855	-4.81028
-0.580729	-4.54247
-2.28762	-0.199845
-4.97392	-5.83677
-9.5724	-17.0096
-9.48788	0.712399
7.32228	-3.49955
-1.14326	10.5179
15.1179	0.368806
1.9723	-5.38994
-1.141	-15.7185
-20.1528	-15.3316
-15.3036	-20.0547
-18.021	-40.8977
-40.6344	-13.25
-22.7199	-7.74935
-9.0016	1.39423
4.70372	-19.6052
-25.7151	-1.64962
-7.44425	-17.8919
-14.4078	-1.61724
-6.72313	-14.872
-2.66775	-5.28027
-6.34852	19.825
0.205881	5.30491
9.47422	-16.2599
-16.2821	-17.8641
-18.7508	-14.8506
-15.0313	-26.5949
-34.6659	-32.4818
-28.0611	-13.5361
-5.59459	-2.80503
-5.03545	-13.4268
-24.0081	-4.21025
-5.45271	-19.2719
-12.029	-14.7504
-18.2349	-7.74827
-7.46675	-13.9574
-12.9273	-5.75465
-4.74525	-4.34078
-6.01826	-25.2933
-21.2355	-27.1585
-22.7152	-10.3142
-16.965	-33.5784
-32.3317	-15.012
-11.0627	-5.65575
-5.91971	-7.56403
-2.97758	-15.6615
-15.9017	-3.61848
14.7223	-18.7107
-19.1126	-4.46017
-7.79627	-7.05913
-8.76628	-9.89371
-11.4335	4.94845
5.69892	6.37428
8.95351	-30.8269
-30.319	-25.4776
-22.9791	-16.402
-23.011	-25.4518
-27.3846	-18.4152
-20.9421	-18.2602
-10.0951	-23.3406
-21.8029	-13.7335
-15.3654	-23.9831
-21.5396	-9.29609
-2.41952	-5.28491
-10.3452	9.93537
6.6187	3.50611
4.82332	10.3968
6.21667	22.1804
10.2583	-4.86323
-9.12802	-13.5287
-12.8788	-14.1414
-9.89624	-25.5203
-21.0744	-18.2134
-28.9358	-20.4143
-21.0032	-12.149
-5.43685	-16.8984
-24.5513	-12.487
-7.49959	-10.2329
-10.8083	-22.4942
-21.0778	-4.10057
-8.90786	-12.8095
-9.03697	-4.97086
-13.1023	0.0184084
-0.129908	-24.3692
-23.5047	-1.56622
-6.25311	-24.4227
-23.3367	-34.3856
-31.0329	0.205988
2.07605	-15.6189
-11.3887	-12.1831
-15.4587	-21.7981
-16.5773	0.0847943
7.50079	-10.3026
-10.1288	-29.2889
-29.8296	-8.11887
-6.00131	-13.4325
-14.3668	4.54037
2.55639	-5.53401
-1.67821	-19.2643
-17.1676	-11.6876
-10.1442	-14.9651
-12.9895	-33.1802
-26.5199	-12.1959
-16.8807	-2.77291
-5.10285	-14.0333
-10.366	-12.3223
-12.1753	-21.7972
-26.5817	-9.38822
-14.0657	-8.61041
-9.58213	-6.22869
-16.2952	-12.3555
-12.0011	-10.579
-10.5379	-4.85393
-6.71196	-11.6608
-18.0989	-9.54648
-9.64379	-13.1061
-8.17304	-4.18081
0.318562	-13.4566
-9.81405	-0.666209
-7.52023	7.01036
5.79779	-0.280695
-2.92667	3.01433
-1.76157	-13.8516
0.613951	2.76752
6.1885	-9.98028
4.52453	8.5182
5.77861	-0.818755
-11.6303	-1.41768
5.01051	-31.7167
-27.9851	-11.7175
-16.3541	-11.1367
-11.7825	-11.0933
-12.1421	-2.37678
-26.9842	-14.7482
-12.8593	-18.2404
-18.5419	-33.6005
-37.3288	-11.0004
-19.2889	-17.2147
-13.0701	-7.67273
-5.16922	-25.5193
-27.6486	-19.2995
-14.4995	-14.6979
-13.1518	-7.74011
-6.57721	-12.795
-4.82173	-2.54016
-6.06775	-11.3076
4.52643	2.14601
-6.15952	-19.2444
-22.5137	-11.0425
-17.165	-14.5765
-7.95309	-27.5592
-27.8329	-12.6772
-7.29921	-0.871402
-0.898014	-0.230205
-7.56671	-29.1774
-36.9642	6.29265
4.6379	-25.3316
-30.502	-12.0718
-11.0873	-18.0112
-15.8077	-5.95787
2.02596	-9.38533
1.25884	-0.700707
5.34237	-19.8925
-22.0288	-23.6943
-21.2506	-3.34661
-3.13679	-12.1439
-9.03286	-1.12861
-7.71668	-1.10288
0.493739	7.65006
-3.17978	3.65738
-28.6267	3.75379
9.03919	-12.1385
-7.52246	-6.69816
-14.099	-14.8672
-13.3794	-8.85131
-7.62214	-1.69425
-4.42271	3.12188
7.81825	-30.6927
-29.99	-32.4061
-31.1507	-4.72348
-8.74526	-20.5686
-20.1281	-18.7618
-24.2895	-5.0089
-12.344	-17.8934
-16.6525	-27.055
-23.9387	-3.57764
-14.0139	-13.5864
-5.21334	-0.976767
-6.93105	8.03963
6.73822	8.47939
12.1483	13.8677
9.47275	12.3627
9.76492	-19.4017
-23.9877	-13.7622
-17.3724	-1.20228
-3.94827	-11.2497
-15.0511	-5.8221
-5.89275	-14.7466
-7.60374	-1.6396
-3.62496	-16.8995
-36.2097	-6.60435
-7.6453	-0.456231
-3.75131	-13.0997
-8.65245	-6.21102
-13.7403	-14.0596
-11.6174	-15.8644
-9.0089	-7.70426
-0.565331	-18.6427
-18.4205	-34.2368
-24.5874	-1.73594
-13.6572	-28.8114
-29.5806	-7.4921
-9.44143	-15.4525
-15.8721	15.8206
13.4052	-41.7186
-46.5124	-4.43096
3.36408	-10.348
-6.71589	-10.8217
-7.30059	-9.88678
-15.2642	-10.6406
-7.58624	-5.84074
-6.85377	-4.5283
-1.64847	-29.6329
-29.4398	-31.9539
-28.5956	-16.8148
-17.6241	-38.2962
-35.9135	-10.4298
-17.4246	-7.15715
-12.4677	-1.10057
3.9803	-17.2339
-13.5719	-6.7571
-0.858343	-14.7701
-14.0643	-16.2353
-12.3772	9.26061
13.3291	27.0986
28.098	23.8248
29.455	10.6788
10.2233	-21.3114
-21.2891	-10.3266
-10.4523	-20.4576
-21.8451	-25.7704
-33.0719	-19.0922
-32.6782	-14.8143
-28.4218	-17.1518
-13.3077	-6.65257
0.966954	2.78462
4.55247	4.74084
-1.26227	-5.82612
-1.55822	-2.61423
10.9141	11.9692
10.7762	10.3163
9.63224	13.0254
7.41795	-21.3224
-21.3545	-19.2322
-19.9944	1.4738
0.835142	-5.60621
-8.65367	-3.33538
-4.21207	-14.3689
-0.352788	-8.93413
10.8294	4.75276
-9.098	-1.97531
1.38027	-10.5314
-9.45824	-9.10657
-10.8975	-9.28271
-7.12468	-12.343
-12.1746	-6.8969
-8.38139	-4.57202
-5.37899	-12.5491
-10.6948	-22.3178
-22.2037	-7.24881
-12.0931	-33.799
-34.1259	-17.6876
-14.7481	-14.9337
-13.4616	-6.78824
-9.29549	-26.6101
-29.2955	-4.39657
-5.20114	-5.80076
-15.9668	-4.25402
-5.23494	-14.8518
-18.2283	-6.67317
-4.11676	-14.7814
-16.8926	-3.81168
-0.560865	-32.0477
-31.6366	-24.1869
-30.0602	-9.44342
-8.74688	-12.8094
-9.81633	-16.767
-24.7304	-23.3872
-23.8436	-5.9491
-0.66849	-19.7796
-25.4961	-14.8049
-21.0144	-17.7489
-23.1107	-10.875
-8.83236	-11.231
-11.8027	-8.32157
-0.380786	-4.29136
-3.33849	-2.47814
-5.2956	-14.1321
-10.9712	-26.3181
-25.2074	-14.1781
-9.26591	-25.9564
-19.0967	-23.7143
-20.6125	-12.5644
-15.1433	11.9548
11.2369	-5.2128
-1.04925	-18.9557
-22.987	-8.59216
-10.1603	-15.0242
-13.0995	-13.3916
-15.9808	0.260227
1.92624	-12.8608
-8.55017	-6.09425
-4.72384	-20.7761
-21.4989	-16.9382
-13.2515	-12.9626
-17.5277	-30.5565
-30.8707	-11.9993
-4.46262	0.193103
-6.7291	-19.4456
-18.7649	-26.8202
-23.7305	2.06034
2.19885	-7.90851
-12.6342	1.35084
-0.221816	-9.46492
-0.395303	-23.7715
-9.31029	-11.3865
-0.689475	-3.27827
1.62444	-14.6149
-15.1694	-25.5664
-27.0623	-8.93498
-12.1415	-31.0984
-19.0848	-27.9976
-22.6357	-15.5309
-15.8936	-14.4751
-11.8582	-27.3864
-31.7105	5.07513
3.05186	-12.6339
-15.8773	-10.2869
1.24116	9.9084
5.41425	14.2619
16.9535	21.1944
18.5658	23.9737
14.3338	-24.3912
-32.0394	-19.124
-22.6386	-13.8588
-8.69588	-10.1166
-15.2243	-10.5205
-9.61644	-8.37302
1.43533	-2.66506
-9.53097	-9.69247
-7.27326	-4.31234
-2.52159	3.80786
1.401	-0.552687
-5.96928	-3.44008
-1.48959	-3.55414
-5.8847	-9.59256
-10.3924	-2.12888
2.35287	-19.0389
-18.9744	-25.1845
-26.9247	-19.6266
-19.1258	-13.0303
-26.5108	-18.4082
-13.745	-26.3519
-26.8478	-2.15283
4.11224	-18.6415
-15.8584	-11.6565
-20.6121	-6.00761
-0.989487	-15.1847
-9.11142	1.60848
-4.35422	-25.0765
-20.9746	-7.59963
-8.98279	-8.63745
-9.12217	-19.5581
-16.0986	-12.07
-9.80738	-7.33719
-8.87691	-25.7782
-22.8627	-13.2505
-8.91526	-10.0283
-11.5289	-8.62176
-2.50131	-18.4461
-14.6322	-10.6614
-12.3865	-14.8033
-10.4077	-14.3137
-10.5729	-2.93843
-8.06	-12.108
-9.98215	2.0026
3.0698	4.0991
0.322614	-7.08847
-7.88692	-20.9365
-25.1667	-7.14906
-3.93455	-10.5342
-4.5495	-6.96726
-12.1189	1.52987
-5.22642	5.74556
-1.32057	-9.0493
-14.2863	-1.57839
0.343496	-29.5542
-23.8081	-6.6719
-7.42427	-14.4377
-12.829	-2.1916
-4.88395	-5.32713
-9.96363	-12.8005
-11.3072	-16.4851
-21.0618	-23.5773
-25.0043	-15.6655
-13.9308	-32.7177
-34.4448	-2.06582
-4.74376	-9.47061
-9.42429	-8.00017
-7.76233	-24.1325
-23.8559	-8.13215
-8.42591	-18.429
-19.9569	-9.87907
-3.67912	-4.17001
-4.73727	4.86182
3.83444	-2.74203
-5.19106	3.50579
-10.6944	-26.4897
-25.1061	-22.1548
-13.4443	-6.37373
-12.6278	-36.6488
-41.6182	-15.4921
-18.7304	-12.4726
-11.4258	-2.92401
-10.2487	-10.8891
-12.6739	-17.314
-13.0956	-16.4152
-9.49601	-0.644484
0.458237	-11.8068
-8.23749	2.98143
-3.29957	-4.19585
-1.06908	6.66437
10.2533	-33.2058
-31.4641	-10.847
-11.2991	-7.44765
-14.2093	-30.1695
-33.4545	-21.9806
-18.7193	-20.3096
-18.5307	10.1297
-0.64981	-24.6942
-14.8213	-20.6747
-25.314	-13.5141
-16.0394	-5.92006
-5.51165	-11.1915
-9.54188	-16.7681
-11.1854	-16.7268
-11.5766	-0.132014
-8.13369	-7.93876
-14.6041	-15.306
-19.4897	-1.45576
-3.73702	-23.8252
-31.9752	-4.56186
-7.18686	-18.7341
-24.5868	6.8931
6.60742	-16.2025
-19.9777	-17.1595
-14.5199	-15.3365
-11.8839	3.5287
2.18303	-7.89844
-9.05991	-7.62326
-8.77813	-5.40552
-1.2143	-7.48248
-4.4909	-17.7696
-15.802	-23.6823
-19.3739	-2.06416
1.61682	-15.4281
-10.6228	-11.0116
-13.3997	8.21911
-1.19797	-20.3353
-15.8174	-16.3668
2.2181	-1.0365
5.68445	1.92759
5.65839	-3.08113
6.88544	3.0769
-5.02783	1.64451
0.476879	2.6948
-8.27471	2.22134
0.763618	-27.1888
-25.1602	-25.7972
-33.5103	-23.8489
-23.2306	-6.03776
-9.13273	-16.6041
-11.2852	-10.8348
-13.2517	-2.01151
-6.92157	1.41299
-2.15888	-13.0193
-35.8688	-0.82687
-3.30899	-4.22181
-9.61947	-7.84182
-11.4308	-7.64157
-9.18187	-5.85988
-6.05343	17.4794
10.9564	12.8922
14.1606	-22.1137
-19.0647	-35.9826
-33.2681	-22.0902
-15.0316	-5.69596
-11.0318	-37.8096
-40.0127	-17.9457
-9.55744	1.8965
-8.26963	-19.3849
-28.7239	-9.04755
-16.0683	-10.3602
-11.8033	0.628648
-6.66695	-0.5031
6.62215	9.76877
12.2442	15.0048
6.57262	18.5149
17.2749	-30.1788
-29.5277	-33.0978
-30.4022	-4.67934
-9.944	-23.8964
-30.9156	-10.6883
-10.5327	-12.4175
-16.7084	-19.035
-15.849	-12.7233
-19.1224	-31.0333
-28.0867	-7.16837
-4.46086	-5.02946
-10.3018	-5.08688
2.91453	-20.019
-21.7852	4.71397
5.65196	1.99282
0.17785	-19.4715
-20.1558	2.83926
-0.605366	-33.5903
-27.3509	-35.5708
-36.1631	-20.4937
-18.5218	-21.4511
-21.239	3.24245
5.58715	-24.6439
-22.8964	-15.9403
-8.08172	-10.6087
-10.7136	-9.4172
-9.59425	-0.445043
-10.3621	-16.4748
-19.5501	-3.07903
-4.87537	3.33026
4.47086	-23.3761
-23.9826	-0.36083
3.12529	-46.0476
-45.7139	-24.0849
-23.498	-27.2765
-29.0859	-20.8735
-26.3761	-10.3785
-13.2382	-23.0228
-25.508	-11.4699
-1.32849	-1.63677
7.77618	2.14777
1.07325	9.0252
7.30835	3.87342
3.82107	7.86368
5.90203	3.99339
-0.681551	-33.9162
-35.6921	-15.2267
-12.7847	-7.00202
-12.1325	-24.1707
-30.0955	-8.20269
-15.9812	-9.60374
0.782966	-3.31844
-8.07998	-7.45477
0.950062	6.90027
-0.532668	8.20539
12.2303	7.27816
8.17638	-0.368972
-10.1662	-14.0667
6.14313	6.51957
9.60876	4.02649
4.96594	-23.1599
-23.4608	-27.7952
-25.4336	-11.1275
-13.9997	-38.695
-40.8792	-0.240558
-1.64724	-14.767
-11.5907	-0.594851
2.78119	-18.271
-19.1777	-13.9184
-13.3012	-23.8817
-19.1278	-16.0521
-19.3258	-9.5215
-8.25089	-4.85116
-3.06285	-8.82478
-12.0619	-3.15095
-4.07387	-21.0103
-19.9166	-5.00634
-7.0567	-18.3247
-16.8523	-43.0203
-43.181	-20.2073
-16.6906	-17.0153
-10.627	-3.73259
-3.40988	-14.066
-15.019	-16.392
-16.9866	-20.8824
-22.1145	-1.27928
-1.44814	-8.54975
-9.66008	6.82247
3.61751	-9.05192
-12.8331	7.37962
4.51356	-14.6393
-14.9617	-8.59771
-12.9323	-12.2604
-11.1645	-20.8904
-22.3938	-16.291
-19.1548	-20.9104
-12.4378	-15.4066
-10.7491	-19.2976
-19.2336	-18.6152
-16.9981	-15.4456
-26.6887	-9.1868
-14.4215	-10.9716
-8.31944	-17.6626
-23.0927	-14.7439
-17.0495	-7.19871
-8.11437	-19.3292
-19.6479	7.55797
6.27692	-28.6967
-24.7576	-37.4688
-40.5291	-12.346
-13.4102	-26.7681
-18.696	-10.5725
-11.7683	-19.5792
-29.6389	3.99481
-4.58088	-15.5289
-11.6006	-9.28288
-6.87917	-4.24654
-10.2391	-5.51641
-10.2417	-7.31055
-7.74091	-15.0763
-16.0168	-5.3722
-4.88155	-19.9822
-20.2499	-22.3262
-26.582	-24.2377
-19.0147	-10.9972
-12.1011	-20.4256
-21.5687	4.31766
7.03129	-9.45752
-23.0113	-16.6198
-3.41989	-12.5298
-10.5331	-1.46968
-3.89155	-22.8616
-24.5166	-13.2672
-10.8725	1.88438
0.73749	3.41148
1.37026	-8.62815
-9.75004	-21.159
-18.305	4.32565
4.92959	2.05524
-2.17982	-23.7428
-16.5578	-18.9667
-14.5856	-21.9158
-10.1713	-0.0548939
-6.05679	1.52877
4.64108	-5.85714
-5.9281	-8.3193
-4.2605	-1.39559
3.03204	-6.47275
-10.6652	2.25807
-22.6084	-17.2361
-22.5334	-0.41149
-11.6136	-9.51015
-25.7876	-2.68032
-11.1317	-9.8341
-10.3945	-4.83388
-6.07135	-15.6021
-18.3059	-14.6307
-12.3541	-15.8153
-13.3624	-9.38411
-12.3816	-8.18846
-6.11214	4.14297
8.46962	-3.9464
-2.6848	24.1706
28.9187	-16.9555
-16.9168	-9.43909
-10.1198	-19.3892
-21.0158	-37.812
-35.0381	-22.0533
-17.3465	-18.9797
-16.7503	-14.2016
-3.42641	-16.4626
-4.68466	-15.0404
-22.7046	-28.3855
-25.0172	5.47612
6.00176	5.64756
1.71474	1.15993
7.83836	17.0494
16.4637	18.8425
13.5104	-14.0648
-13.0459	-24.836
-21.0874	-14.4002
-15.2181	-31.8003
-27.7398	-21.794
-25.3177	-14.5598
-13.3934	-21.7822
-20.123	-22.8366
-12.5403	-12.0855
-10.5988	-9.62793
-8.28563	-6.26013
-4.71057	-5.55687
-3.00096	5.21756
4.51666	-0.899253
-1.97832	8.28143
7.6002	-13.7628
-13.3063	-19.1114
-23.2757	-12.1391
-12.0398	-24.8213
-24.8635	-39.2685
-38.2012	-4.04512
-3.20554	12.0552
12.1705	-26.8021
-26.6805	2.95612
6.39931	-23.1764
-23.8309	-4.17507
-1.3256	-9.74041
-5.89045	-17.7958
-11.3676	-14.7609
-20.8364	-6.79786
-5.63861	-9.14387
-7.74619	-8.90022
-10.6251	3.82977
-4.53012	-20.3768
-15.1989	-17.6669
-17.8454	-14.568
-0.204297	-2.58439
-1.51572	-34.1358
-38.3125	4.9842
6.52119	-7.86117
-8.95365	-7.53756
0.415981	2.65821
1.87959	-9.35204
-4.95262	-12.0648
-12.8337	-2.42098
-7.32057	-12.3563
-11.8158	-9.16693
-6.47943	-10.01
-13.1978	-45.3687
-38.9234	-29.0181
-25.7916	-13.2968
-4.26568	-0.314139
-7.40424	-26.2847
-32.0399	0.794127
2.03762	-12.5418
-3.95994	-18.2856
-16.5243	-5.74398
-5.80766	-6.9961
-3.15514	-15.7776
-15.9568	-13.3407
-7.73017	-16.2033
-17.2002	-35.8069
-32.5315	-3.31282
-7.2989	-25.2904
-27.3158	-17.0873
-13.3817	-18.7477
-26.7685	-6.42174
-2.47441	-13.0337
-14.2903	-9.99876
-8.63373	-2.68756
-6.17467	-14.0047
-17.5513	-12.231
-4.12471	-6.03505
-11.4072	-10.785
-11.4736	-6.05718
-7.60264	-14.6597
-7.9265	-20.5535
-16.5333	0.713727
5.61824	-17.276
-12.9084	-0.440126
0.822333	6.95184
-0.730694	2.02835
-4.02989	-21.6196
-25.9573	2.87906
6.23974	-26.0648
-21.146	-4.06905
-3.95897	-3.4069
-11.3151	-10.1061
-13.0171	-5.18544
-1.37845	5.2774
8.62577	-28.6262
-28.7074	-30.6965
-27.0719	-18.2042
-21.155	-40.8375
-42.0505	-20.8031
-18.6553	-1.21036
-3.27387	-17.6269
-20.5021	-21.2097
-23.4866	-16.6304
-17.7599	-9.20346
-17.6109	1.66385
-4.73345	-3.11292
-1.73223	1.18661
9.0628	-1.42246
2.16134	2.71534
17.2155	-25.2988
-24.6366	-24.3551
-29.6244	-13.8225
-9.99052	-32.477
-31.9696	-1.47347
-2.07607	-2.80682
-7.5988	-15.1685
-5.81664	-19.1924
-24.1602	-5.22813
-1.0652	-5.57643
-2.97589	2.08087
-3.64581	2.66169
3.24142	4.91766
1.97779	11.8034
12.4357	9.74238
-7.75964	-24.6317
-13.2314	-28.2802
-35.8466	-12.3512
-9.87765	-28.5895
-32.028	-0.879291
-4.92874	-6.14267
-5.92639	-4.34474
-0.693735	-25.097
-27.7698	-2.04896
3.04692	-17.9258
-16.7648	-17.2018
-8.60629	-0.711048
0.472273	-9.86048
-11.1651	-4.04004
-15.2458	-3.65444
1.73693	-18.8625
-17.1619	0.865838
-3.90376	-14.4139
-8.51391	-22.8248
-23.7381	-10.0404
-18.565	-31.9424
-28.0705	6.61621
7.1468	-20.233
-25.1837	-6.30329
-5.98401	-13.9546
-9.35971	-4.33502
-4.88666	-3.5981
-10.8532	-10.4123
-6.58417	-21.3829
-11.4649	-1.51723
-1.7433	-16.4857
-19.9626	1.51901
0.0545344	-4.92506
-6.87423	-11.1271
-9.75566	-12.6344
-2.40064	-12.5316
-10.7475	-7.16835
-2.37077	-23.0345
-23.4984	0.200229
-8.50627	-17.936
-17.8029	-8.43491
-7.65704	-4.11062
-2.56209	-7.49913
0.0988238	10.4482
16.7534	31.9077
30.6251	-25.8864
-20.7445	-6.74976
-7.66645	-13.6352
-6.46768	-22.1902
-16.7336	-12.1171
-10.1638	-15.0989
-5.82531	9.37925
2.59163	-6.90926
-7.40302	2.24224
1.07416	-2.33279
-0.810716	9.03794
-2.57051	12.097
4.73192	-8.50616
9.70559	-1.69245
2.58379	11.2046
6.16281	-23.8991
-24.2598	-18.1897
-17.6391	-7.34423
-13.0326	-27.9066
-21.1869	-23.4451
-8.28302	-8.59969
-16.4655	-12.7302
-3.58546	-27.4283
-29.7256	-18.8057
-15.5216	-14.2586
-12.1682	-2.20704
-0.0295847	-12.5994
-18.2246	-11.4792
-14.1401	-13.5309
-9.63935	-3.39233
-2.11937	-10.6352
-14.8807	-16.5146
-20.3758	-10.7919
-13.6854	-18.6311
-17.4323	-29.7331
-28.4874	-24.4638
-23.1511	-12.8794
-12.0582	-2.41874
-4.71556	-10.9429
-13.328	-12.2968
-12.6681	-11.2698
-6.69276	-14.142
-11.7181	5.17022
-13.8027	8.17626
5.79802	6.03616
3.06491	-13.6839
-9.6272	-7.98298
-7.76545	-14.6958
-17.4527	-29.9418
-49.632	-21.2234
-16.5471	-21.2604
-25.9144	2.67008
9.68042	-19.8494
-15.5075	-6.13664
-10.0551	-16.3572
-19.3304	-10.3069
-11.1899	1.08004
1.09239	23.801
18.6568	27.5879
29.8552	21.8985
22.5894	-27.657
-27.935	-38.3513
-37.5619	-0.555778
-2.18132	-15.5763
-14.2968	-10.742
-15.8883	-12.5784
-21.5312	0.960404
-12.0319	-17.3253
-16.9227	-2.95006
-5.42806	-10.9553
-11.1136	-10.7643
-11.4691	-1.88621
-6.88682	2.87342
-1.10275	-7.92869
-5.59192	4.00625
-5.96112	-19.0031
-19.0927	1.43333
5.71127	-25.2273
-21.1644	-34.8217
-36.5919	-29.9546
-11.6228	-29.456
-28.6883	-2.12976
-5.26681	-25.0486
-12.0693	-10.6561
-11.6287	-19.4814
-20.2755	-7.12558
0.437351	-7.09517
-3.33828	-9.96691
-14.0869	-6.39976
-7.08654	-9.73195
-12.5999	-16.686
-15.1543	-25.8694
-16.9839	-6.34563
-0.405578	-11.9158
-3.18336	-6.64635
0.0764534	12.6213
9.90202	9.44094
-5.41922	-18.6771
-9.66962	-1.03361
-0.0834163	0.27565
-2.31464	9.12568
-6.02128	7.96891
16.6222	0.0175814
-1.34473	4.17401
0.732086	-2.69584
-4.53745	-23.9054
-25.8145	-35.0539
-32.7049	-5.27017
-4.88803	-11.2544
-12.9187	-15.6518
-12.5546	-13.5227
-12.4755	-16.5232
-19.9388	-16.2084
-15.1563	17.695
14.311	-27.9319
-23.7096	-4.02089
-2.28015	-7.15314
-10.3949	-8.1501
-5.20546	-11.9184
-13.51	-6.41787
-2.57316	-6.94461
-7.24866	-14.6607
-11.134	-10.2006
-11.6838	-26.038
-21.826	-18.2604
-17.4035	-8.2309
-8.81419	-10.0015
-8.11124	-10.7362
-28.5026	-10.9581
-11.2378	-21.698
-26.5069	-12.2787
-12.1728	-4.07088
-6.0052	-13.3702
-0.418308	-0.873998
3.23936	4.22724
7.06777	-23.2905
-24.2431	-21.4224
-14.4271	0.958573
-17.9255	-16.3607
-20.489	1.02542
7.90095	-7.11133
-7.05812	-11.3742
-12.7566	-15.909
-18.2131	-17.3474
-15.4264	-33.2533
-35.1521	11.1307
7.32269	-20.9144
-19.3415	-8.32211
-2.13213	-6.05519
-11.8284	-1.43541
-3.62459	-1.68877
4.59561	1.17496
1.66336	-26.3079
-21.852	-21.0999
-17.5653	8.33364
4.86497	-6.32381
-5.73922	-4.07539
-2.80757	-0.9045
1.63088	1.58122
12.0236	-2.48372
-28.5845	6.77773
2.46784	-10.0788
-13.322	-2.68655
-3.02912	-0.779564
-3.65384	-1.54476
1.10258	0.294142
-3.2236	5.31494
0.931056	-7.04924
-9.00688	-18.5449
-20.6891	-13.3957
-8.46289	-6.23693
-10.6365	-0.608996
-12.6639	5.71091
-10.332	-7.47173
8.59632	-19.8288
-28.6408	-0.647366
-0.0353043	-14.1864
-12.7241	-0.529818
-8.47324	-1.39767
3.45425	3.25597
-3.46806	3.74739
2.01415	20.522
18.0883	-8.80378
-8.38392	-22.5117
-22.3607	-19.5675
-21.85	-20.4173
-27.4296	-15.9179
-20.969	-16.0082
-24.3376	-9.59338
-1.21115	-13.1715
-20.2333	-14.7238
-8.50549	-16.8058
-10.3636	-4.4409
-2.41217	-13.5946
-18.0544	-10.6423
-10.3195	-5.91189
-15.1001	-1.72099
-1.75679	-10.7835
-11.1237	-15.4662
-12.0301	-12.5681
-11.8485	-24.8773
-15.6144	-20.7294
-24.4954	-2.9794
-6.68611	-12.3119
-16.3137	-10.7738
-9.33593	19.7304
18.6163	-18.7556
-16.3776	-13.0634
-11.989	-11.9261
-15.0172	-4.08731
-3.37576	-3.51069
-4.31066	-2.75194
-1.24165	-25.7802
-23.9833	-12.5272
-11.1953	-13.211
-16.9139	-26.6789
-26.6459	-16.7784
-15.5144	-9.86282
-7.72879	-7.52679
-18.1511	-2.98516
-4.96889	-21.654
-21.6677	3.00106
-1.31236	-11.0322
-14.172	-9.98122
-6.07698	-7.59524
-10.0575	-12.95
-16.5586	3.33871
0.490687	-8.14141
-9.39224	-10.061
-10.4617	1.01544
5.55164	-11.2064
-14.7303	-12.0068
-11.0228	-11.9009
-4.1043	-15.0095
-8.41131	1.16218
-5.1463	-1.36411
-1.05269	-2.1698
-12.4059	0.639217
0.896696	-1.23843
0.460473	-3.50512
14.4017	3.64862
-21.1687	-20.3321
-16.9591	3.08791
-0.969604	-7.35315
-21.5771	-21.6355
-20.0002	-14.6906
-14.189	-15.4161
-16.5165	-27.1274
-38.0334	-6.28734
-4.16311	-3.47276
-11.6927	-4.51566
-8.00923	-16.8838
-13.3962	-11.2613
-5.01915	3.85422
1.67333	6.55977
6.30615	-9.77192
-9.97535	-18.6144
-26.6087	-11.52
-11.4864	-31.6109
-41.8371	-23.4143
-22.3465	-6.26582
-3.82331	3.92235
-5.99743	-35.2513
-31.7219	-8.86228
-11.4593	-10.4945
-11.6128	-12.3337
-13.3042	-5.80509
-5.71304	-5.54125
-11.9394	3.33906
6.41589	2.34174
0.204375	-21.0483
-17.1674	-28.4983
-25.6167	-6.07899
-7.83639	-25.9448
-24.7098	-15.9875
-13.7968	-1.99839
-6.44746	-13.5606
-14.7363	-36.7079
-36.6785	6.1799
4.06845	-17.4176
-15.3914	-9.12942
-13.64	-8.24533
-1.7568	-16.3492
-9.64686	-5.43418
-0.277931	6.06407
-4.1216	-15.1224
-11.4008	-21.8318
-29.9289	-17.3193
-16.2701	-17.0185
-20.7634	-15.094
-18.8806	-20.2316
-14.0217	6.26498
-0.337367	-40.7208
-37.9496	7.48919
10.9511	-16.2091
-18.621	-0.71498
6.21628	-18.668
-14.575	-8.08392
-8.04615	-20.339
-15.1927	3.14493
0.80543	-26.7689
-25.7455	0.973096
2.36948	-31.2193
-32.3756	-37.8576
-36.825	-16.0768
-15.7076	-19.756
-23.19	-0.626089
3.3513	-32.1138
-30.8525	-1.00396
-7.99175	-23.094
-15.8763	0.0834618
6.31317	-0.692367
2.67901	-3.96689
-8.65605	20.1098
24.897	21.9144
21.2279	-13.6913
-12.6525	-14.6911
-15.8337	-24.0331
-22.6126	-35.501
-32.5245	-20.2268
-16.4111	-18.1496
-14.6121	-4.82142
-7.47767	-33.5131
-33.8526	-4.8937
-2.78893	-17.7213
-13.6581	-12.7631
-11.115	-6.87199
-4.35808	-15.4868
-19.3725	-13.9411
-7.75636	-1.57498
-1.74732	-19.9474
-15.372	-13.3899
-3.16267	-8.81579
-6.33666	-11.4586
-4.75343	-16.0903
-14.0747	13.5989
5.5126	-8.53736
-12.7615	-6.16639
6.65924	6.27254
9.64691	-8.03718
-2.44304	8.30394
9.84083	23.4086
9.71252	0.278493
4.64246	13.3716
1.60794	5.97088
0.609691	-13.8422
-12.8388	-18.2746
-17.7134	-9.35157
-1.22758	-31.8146
-19.0535	-12.2293
-10.2596	-1.52143
2.77509	6.65137
7.11949	-15.5887
-9.67869	-7.93654
-13.2811	-19.6258
-11.9164	0.277117
-4.67691	-9.11246
-12.2112	-15.5861
-6.4305	-16.202
-12.4599	-0.781134
-1.35399	-29.1305
-28.5237	-8.10795
-10.93	-13.7903
-8.77321	-10.7742
-12.0556	-8.79604
-5.86574	-4.15463
-2.62965	-2.25146
-1.84181	4.67684
7.35149	1.37486
-5.11796	-7.12872
-13.3774	-12.0872
-8.00429	-7.54417
-9.62861	-13.035
-17.6725	-6.1953
-8.39929	-7.47674
-4.30758	-21.0434
-21.7901	-4.09309
-5.49998	-18.3216
-15.4123	-37.8957
-35.9866	2.39027
-0.614652	-15.9197
-19.3972	-15.4097
-18.6011	-13.3043
-9.53293	5.79344
7.18778	-20.978
-25.856	0.0589809
4.81784	-9.45498
-9.60122	-12.2397
-10.804	-9.67713
-9.6533	-2.9161
-2.0691	-6.73127
-7.70097	-12.7341
-13.7012	-7.193
-9.47374	-17.6117
-16.5984	-17.1726
-20.7862	-15.3895
-18.5874	-6.79507
0.727494	-8.08937
-4.52166	2.83763
-0.431551	2.20098
-0.830693	-5.66831
-2.67211	8.50241
5.91772	2.38076
7.50789	0.344751
7.50572	2.64642
-0.481822	10.5588
5.85035	-3.89678
-12.9665	-8.73013
-10.0698	-1.25726
-5.65835	-29.7386
-29.7301	-14.9197
-18.2195	-18.3987
-15.5135	-38.4478
-45.5509	-18.1257
-25.1299	-2.49824
-10.2539	-10.4832
-7.53712	-24.1464
-17.6737	-3.66366
-7.09577	-18.5056
-0.245772	8.03724
4.01833	8.54821
4.44526	12.5375
21.2164	12.2233
2.96809	15.2419
0.816639	-26.3153
-28.8927	-1.83476
0.0193103	-22.004
-20.5973	-33.9316
-37.7291	-14.3748
-12.7295	-7.32952
-4.30129	-1.18361
-5.26159	-29.6158
-32.9313	-3.63248
-10.515	-8.46559
-8.66991	-9.10133
-5.76322	8.5504
5.15282	-3.24151
-7.7661	0.296723
-2.53785	0.821578
-1.45157	-9.34515
-9.79254	-17.4472
-13.8406	-4.54761
-7.05171	-29.6985
-31.9585	-16.4842
-13.0575	-16.7655
-18.3988	5.09171
1.84508	-19.6695
-17.9647	-2.18821
-3.62451	-16.8639
-18.6102	-16.4571
-15.0178	-9.42568
-10.5372	-5.2985
-6.16303	-12.1269
-13.2205	-6.61732
-2.16025	-22.3071
-21.8622	-31.96
-29.2924	-8.7785
-13.8014	-22.3119
-20.2234	-17.1869
-16.5307	-23.047
-16.0245	-3.61146
-0.870461	-26.455
-27.2832	-7.16307
-7.02672	-2.71478
-6.6372	5.57089
15.832	17.5371
18.5212	25.5504
19.9355	16.7273
16.6185	11.3294
9.62416	-14.9276
-21.1547	-19.9504
-15.8066	0.455849
-28.4045	-20.0758
-12.0582	-24.2543
-28.9009	-12.599
-3.77042	15.8238
9.74658	-34.1826
-28.2464	3.65454
0.795583	-23.4738
-26.1301	-6.14842
-4.80421	-1.83196
3.88727	-2.24922
-1.30698	-2.44475
2.50818	1.5366
-0.694727	-15.9743
-12.1315	-16.2206
-15.9928	-8.0892
-6.63176	-29.3165
-33.5138	-23.4111
-13.4472	0.955967
2.968	5.7728
-1.95001	-36.447
-30.2357	2.08967
1.67017	-28.7069
-32.4166	-0.76789
-11.4689	-10.3684
-20.6924	0.312467
-2.21498	-9.8463
-4.38671	-4.43516
-4.37952	-29.5829
-29.8227	-12.827
-12.3651	-15.5939
-13.8167	-17.6055
-12.4516	-3.1724
-1.77493	-2.6746
-4.95357	6.57232
3.31793	-20.226
-5.11766	-5.63883
-9.10765	-15.1496
-23.3989	-11.2061
-15.4526	0.728157
-4.33185	-10.3018
0.204527	-3.91074
5.29493	-0.156015
-1.692	-31.3129
-31.5256	-16.894
-15.4039	-4.41316
-0.980392	-14.9961
-13.2636	-8.27355
-14.3029	-10.05
-8.6671	-4.34832
5.10776	-25.954
-27.4277	-21.4015
-18.082	-1.22215
-0.929319	-11.3193
-7.63977	0.336848
2.80429	-9.91076
-9.0156	-7.50678
-9.19167	-10.2072
-6.5577	-10.5022
-19.0114	-12.1506
-15.3634	-6.78202
-10.6152	-15.0824
-6.69846	-2.67582
0.32319	7.34463
10.0519	-3.14999
5.98528	-3.47234
-14.6327	-1.33198
-11.5911	-4.67346
-9.67437	-11.7219
-11.7466	-2.05305
6.33819	-22.5069
-21.1751	-5.25886
-4.46718	-1.2914
-2.70882	-17.0656
-18.5072	-30.9775
-28.0985	-4.41276
-4.66963	-11.897
-14.3205	-19.3342
-19.2334	-4.90565
2.03722	-14.5034
-7.77064	-19.8194
-25.8893	-6.53638
-7.61489	-6.20129
-5.22033	-6.47765
-7.09714	-16.8534
-18.5107	-2.276
-12.1635	-3.11531
-4.28995	1.20785
-4.60824	-10.2005
-10.2249	-23.2894
-25.122	-22.7111
-24.6144	-10.3101
-9.29024	-27.1379
-25.9477	-8.96684
-11.0492	-19.2626
-14.2776	-9.44397
-16.7514	-5.45376
-2.02044	3.22997
3.53143	14.9644
14.5187	17.7435
14.9578	12.5888
10.8285	9.64039
6.31478	6.32258
2.43993	-31.4663
-31.3196	-8.27204
-10.6646	-17.1148
-15.258	0.1048
2.34143	-14.5406
-20.8064	13.778
15.7936	-7.39575
-7.81128	-1.82393
-2.4798	5.52777
6.07344	-5.20224
5.80049	-4.03742
-1.33529	8.05942
1.99855	4.02005
4.38754	2.29124
-1.63076	-4.56668
4.73256	-30.4189
-26.7058	-17.3769
-19.7123	-4.73489
-1.19435	-2.02431
-3.49587	2.68645
-3.39681	-5.38009
-2.51685	-5.60733
-7.37924	0.648465
-4.4972	2.57475
-3.68052	-7.33864
-1.26888	2.17966
4.95635	-0.626011
-16.9305	-18.2558
-16.1938	-10.0276
-21.2392	-26.4646
-23.7462	-24.9055
-24.1665	-13.2341
-19.2698	-22.0795
-20.0837	-3.66623
2.09351	-9.97047
-18.4037	-15.4509
-14.7092	-5.18331
-0.998943	-11.0803
-7.00986	-2.46915
-1.29906	12.6099
16.57	11.1036
16.5094	-6.98597
-6.11204	-14.3492
-14.3124	-6.34941
-1.91126	-15.814
-11.1605	-9.40891
-7.56439	-11.4672
-11.7839	-13.3314
-11.9507	-13.4933
-8.08997	0.66103
-13.1143	-7.15569
-3.20891	1.21178
-6.04414	-3.35042
-7.54047	1.18057
-1.40166	6.16261
10.1758	25.1013
30.2077	-19.9576
-12.5357	-7.56359
-9.8231	-6.00831
-4.60234	-11.8272
-10.0946	-11.3333
-17.9176	-15.177
-8.78611	-0.0422589
-1.02197	-7.23202
-2.79846	3.85255
6.78495	-3.15357
-12.2038	12.6271
15.658	30.4848
39.3724	31.6436
20.0424	16.9614
11.7029	-3.55127
-3.55167	-18.2221
-19.3274	-30.2389
-28.3652	-9.80214
-13.0663	-34.8131
-30.5082	-22.154
-31.5814	-33.2978
-23.3718	3.05969
-0.378061	-4.64201
-0.985706	-15.2912
-10.1774	-14.0868
-9.75739	1.02895
10.6158	17.9231
11.5166	8.42297
-1.00963	2.2495
9.62578	4.48131
2.45655	-19.7123
-24.1201	-18.9859
-20.2779	-18.2035
-14.4082	-43.7143
-41.7329	-14.9927
-16.3123	-14.6677
-16.1332	-6.39459
-6.69479	-9.21584
2.29154	-3.55524
-1.16684	-14.0157
-14.4185	-19.1911
-16.6028	-6.64271
3.55434	-7.38561
-7.7918	1.76922
2.53851	1.05074
3.40848	-23.4628
-18.899	-20.3434
-26.0899	-8.22157
-23.3545	-10.4409
-12.4703	-10.0017
-28.8525	-17.5468
-27.9125	6.79345
-0.320791	-6.74321
0.805175	-11.3156
-15.0441	-15.5004
-20.805	-12.3085
-0.0527975	-7.56828
-13.7584	-4.0501
-0.132969	-15.2046
-14.0465	8.66283
-4.45639	-17.9515
-19.2591	4.38051
3.85753	-30.1642
-26.0563	-35.5603
-38.4483	-13.5668
-14.8175	-23.8693
-20.6069	3.52631
6.92775	-16.9972
-15.646	-4.11961
0.0233706	-26.8231
-17.7946	-20.9837
-19.2559	-2.34434
-6.05167	-8.39542
-11.017	-5.68868
-4.09193	-14.313
-10.6822	-11.6348
-10.0228	-28.1016
-28.1561	-11.8569
-12.4497	-22.635
-21.8741	-15.5848
-17.1155	-14.3686
-13.7322	4.17292
1.56391	-20.816
-12.4886	-12.3144
-9.88462	-10.0518
-15.929	3.04731
-6.64093	-2.48084
3.26914	-4.56114
-2.72888	-8.14912
2.20503	-5.80647
1.82972	-26.6185
-29.4462	-15.9176
-14.9759	-11.2425
-6.52549	0.687852
1.54333	-7.02819
-12.7995	8.01782
5.98145	5.43144
4.83586	-2.84154
-5.46994	-12.455
-2.42434	-7.90629
-1.4769	2.89523
6.47602	13.4355
2.22602	2.0294
-4.94132	-3.83521
-0.715019	1.77037
-0.794973	-25.7964
-25.1249	-22.277
-25.0934	0.844819
4.05959	-2.6612
-4.37509	-0.85069
-7.58594	-10.5696
-20.3279	-17.0589
-23.4917	-2.23263
-5.06847	-2.90451
-4.83629	6.50473
-2.54963	1.98485
-13.4538	-16.3842
-18.8068	-20.2013
-15.7873	-2.365
-1.22009	-12.093
-20.706	-16.7731
-6.13195	-17.3386
-22.6642	-7.76132
-5.20418	-9.93987
-3.76888	10.1458
24.6789	-12.9479
-12.1005	-15.6855
-21.5313	-17.8693
-16.6275	-23.476
-15.6221	-17.4395
-14.545	-12.2833
-11.1044	-13.4868
-13.0518	-35.3965
-36.3318	-11.9734
-12.8231	-4.16094
-3.25348	1.98382
-6.19647	3.41452
-2.49758	7.94212
13.0836	16.7793
3.07575	13.6606
1.46775	-15.0389
-14.1718	-40.8305
-32.3902	-0.276507
-8.10853	-31.9603
-33.8485	-10.053
-5.49197	-4.30338
-1.25816	-1.02587
-6.62729	-35.7313
-29.6738	-8.4842
-4.70063	-23.9786
-32.4342	-0.117116
-8.5857	0.647582
-3.96549	-0.59702
9.12617	-2.62067
-0.300242	-2.04494
15.4346	-30.6996
-31.4915	-17.6845
-16.0061	-13.13
-11.2564	-14.4656
-21.9817	-3.32701
0.430422	-10.5385
-14.9095	-1.50217
-4.22564	-18.2001
-10.8868	-15.4738
-10.5717	-27.2223
-30.5888	-1.42345
-5.02706	-5.52383
-0.114513	-10.3929
-4.91645	-9.64233
-7.09151	2.76671
1.4204	-12.9793
-15.7076	-8.51108
-12.3203	-9.70832
-14.7855	-30.0344
-28.2298	-21.7837
-21.2836	-6.83408
-3.8064	-3.97081
-2.46883	-35.5739
-35.272	-7.30804
-9.76088	-8.7295
-2.71908	-16.7309
-18.6454	-3.76733
-2.0282	-7.43916
5.41134	-9.71841
-11.2883	-3.52742
-1.91484	-32.6764
-34.3248	-16.1949
-22.4942	-6.09115
1.30335	-11.1135
-5.40958	-3.30341
-9.33049	0.97377
-4.25837	12.0179
-5.70621	-15.9945
-15.9079	-12.3275
-19.4182	-15.6
-13.8361	-20.6938
-12.6148	4.25231
-1.88241	-14.2275
-10.936	2.22465
2.08765	8.2212
10.258	-21.7416
-20.8649	-36.1082
-35.8419	-18.3223
-14.6423	-11.3009
-17.8722	-31.5812
-31.6392	-10.6953
-13.8132	-14.6412
-19.6481	-27.9741
-29.6294	-7.91953
-11.9676	-11.8459
-5.90196	4.7133
-0.325412	3.4603
4.61877	2.44182
6.54232	3.56139
10.6539	9.75845
3.17063	-21.4201
-22.6472	-28.9599
-32.1952	-2.49069
-7.14709	-5.20207
-1.65966	-26.8149
-25.2414	-12.7416
-15.1019	-10.0439
-6.00393	-22.2367
-29.1638	-1.8625
-1.93361	-1.34306
0.621395	-5.95794
-6.55801	-14.8979
-13.5078	-13.4911
-16.0588	-13.9938
-10.44	-8.59786
-7.19244	-21.0702
-22.4804	-36.532
-34.6717	-12.8523
-14.5264	-16.6009
-19.7329	-3.60842
-5.69859	-6.13282
-5.26766	-8.48501
-1.18656	-23.4267
-19.7132	-11.2594
-10.6599	-21.2874
-21.8813	-11.5144
-11.2942	-11.7099
-9.16148	6.84884
3.92803	-2.68983
2.02567	4.34521
-1.26447	-23.8917
-22.986	-23.7159
-27.5232	-10.0343
-7.34922	-21.1794
-21.1877	-5.92122
-5.81081	-1.84562
-2.20123	-14.0259
-10.4913	-18.8189
-10.1588	-5.47193
-19.5456	-12.2529
-15.6272	-7.62483
-3.52467	-11.2637
-7.05402	-14.2284
-15.8385	-12.5279
-4.20209	-5.9316
-4.9508	-14.6342
-15.0392	4.77818
3.34203	-23.4076
-23.4238	-33.1679
-35.7456	-22.29
-15.55	-25.2027
-20.5597	17.0334
14.2551	-20.6284
-16.2484	-12.0751
-13.9931	-27.2666
-25.8986	-15.7105
-19.6925	0.79869
-0.161202	-9.09274
-3.65168	-13.9963
-9.97437	-6.77784
-1.39152	-10.6409
-11.0167	-21.5895
-18.009	-1.06828
-3.90844	-41.5252
-38.9301	-12.3517
-8.81259	0.0411925
-0.0480149	-8.66835
-8.34561	-31.5605
-27.5226	-5.88301
-0.525388	-8.42982
-12.1694	-15.7536
-16.713	-21.9621
-18.7642	-3.26244
3.78461	1.24074
1.31115	3.10273
0.908906	-13.1802
-12.5159	-22.618
-17.6404	-1.90215
0.0988047	2.26582
-6.54899	-6.53924
-4.93514	-0.388413
-1.5454	-4.89589
-7.35063	4.84986
-1.29339	-1.94618
8.6116	-5.54988
2.52002	2.97463
-1.79966	3.18714
-0.0967382	6.67156
-20.6901	-17.5487
-19.8374	1.85017
2.01624	-6.81194
-6.10523	2.62334
-0.128241	0.687558
5.27724	-5.43381
-12.699	-2.53208
3.68101	7.5322
1.59071	3.11995
4.84987	-2.61618
14.6178	4.58213
4.66881	0.689046
-0.801666	-12.5655
-7.29032	-4.73571
3.10207	-13.2576
-13.5017	-20.0983
-21.1966	-15.337
-10.4274	-24.9958
-28.6379	-34.7349
-29.3674	-14.2329
-8.76876	-3.07015
-4.26111	-12.1508
-15.3641	-14.3566
-13.9504	-17.7569
-14.9648	-12.6624
-11.8157	-5.77052
-7.298	-3.41389
-0.720704	-4.10286
-0.046903	1.73542
8.66152	-19.0699
-20.2712	-16.5144
-19.6885	-10.3682
-13.6582	-24.4428
-29.8502	-44.0312
-27.3742	-18.2535
-22.8775	10.7823
3.38345	-8.06211
-10.3087	0.216824
8.79439	-17.1421
-20.3695	-14.4675
-11.7013	-8.16362
-2.18907	5.169
2.29479	5.47496
16.0062	24.8111
22.6711	-23.1142
-25.5853	-34.0246
-35.0084	-19.6582
-16.2992	-25.535
-25.7451	-11.8791
-13.181	-6.65829
-11.265	-13.6325
-3.96102	-27.3388
-21.5934	-11.7799
-14.791	-16.4688
-17.9873	-2.41694
1.00493	6.38087
3.49123	7.00266
7.53832	13.1219
11.5464	23.3008
19.8599	-7.22774
-8.19808	-19.6052
-22.3378	-13.3315
-13.7093	-28.8916
-30.3629	-20.0768
-26.5705	-24.7065
-21.5844	-8.41238
-7.69396	-31.8079
-33.4365	5.75057
9.58076	-9.77046
-9.37248	-8.35401
-7.48205	-13.4754
-14.9248	-13.4325
-6.60671	-6.69267
-2.0169	1.92974
-2.48208	-23.008
-24.1927	-1.07902
3.35383	-30.7108
-30.5283	-27.4512
-30.4059	-24.8145
-28.703	-20.1971
-16.2826	-6.57628
-2.17009	-23.1732
-25.8699	-9.6815
-9.53854	-23.8458
-18.1234	-7.53557
-7.42486	-0.775118
-1.89595	2.48069
3.01469	4.24292
2.46589	25.6288
21.636	-13.9152
-15.8723	-16.1042
-27.5561	-17.7169
-13.3351	-22.2963
-15.2024	-23.9566
-23.8709	-7.59026
-9.0586	-19.4501
-22.2234	-24.7659
-28.8263	11.2486
14.4171	-5.76251
-3.87889	13.1792
19.0341	8.68454
13.7951	27.1134
26.8294	19.4245
21.9525	6.05653
0.698676	-21.4248
-19.8833	-28.835
-19.5718	-12.6269
-8.47768	-23.8505
-24.5269	-26.2531
-16.8085	-13.943
-6.14342	-6.71881
-8.78178	5.90265
-5.62136	0.241866
0.187551	-4.49881
-5.60502	4.23466
0.131678	10.3759
8.93809	-0.245865
11.5829	8.62387
7.14546	-0.998144
2.34267	-31.3311
-22.7471	-18.6571
-15.2899	-2.79908
-4.81934	-20.6838
-13.2777	-12.5822
-11.2495	-6.89086
-7.12181	-11.9101
1.91613	-3.36219
-3.00484	10.6611
6.25272	-6.77181
-3.89884	-3.30464
8.78481	9.8802
1.46434	11.4348
-5.9464	-1.51788
-0.644262	3.56213
5.08208	-12.1962
-11.478	-18.1791
-18.6295	-7.83886
-8.95495	-29.6129
-16.0869	-20.2212
-26.3403	-26.0985
-28.6982	-16.4696
-22.525	-20.8128
-19.7715	13.8354
15.7448	6.35421
-0.558176	-18.5247
-21.4425	-17.4621
-17.5588	-8.06955
-4.41459	-8.1453
-8.30924	11.6385
11.1088	-17.4601
-14.6218	-20.2866
-19.6981	-17.0878
-15.6405	-23.8685
-28.2951	-27.6416
-27.6826	-7.69942
-17.4811	-2.31342
-1.27855	-17.6339
-31.7976	-8.78623
-9.23857	-20.0091
-14.6298	10.6491
3.6115	-2.31415
-3.87764	10.9718
5.87948	17.4148
13.4271	16.851
18.1012	-25.1937
-22.5754	-34.4666
-27.7701	-18.1447
-13.7293	-38.83
-30.215	-33.9082
-26.1798	-4.26207
-6.5888	-16.1515
-13.608	-18.005
-10.7158	-6.65699
-10.331	-19.9118
-18.1818	-12.4595
-9.53448	-6.04664
-10.4448	-14.0064
-20.0003	-9.20907
-14.7341	-7.26233
-3.72513	-15.0206
-18.3301	-18.6128
-19.232	-1.63306
-3.05178	-9.2116
-18.7463	-14.8659
-17.7697	-1.35332
0.485016	11.7638
-6.90237	-20.3703
-16.7306	8.4267
-2.80007	-12.8276
-19.1022	-25.2405
-20.0317	9.66107
-1.90558	-11.3868
-2.55804	-5.4193
-3.15873	-0.323624
-11.7798	-14.2267
-17.2242	-30.7857
-30.1799	-11.0845
-11.3045	-19.7172
-15.1251	-8.09536
-11.1596	-7.64723
-10.4816	-11.813
-12.3093	-30.5476
-30.2699	-8.59225
0.160221	-4.80522
-9.68262	-17.5518
-17.8441	-2.99385
-4.4615	-19.082
-18.8239	-5.08299
-6.86305	-8.00007
-10.0336	-16.1783
-11.5479	-9.99758
-9.23705	-6.58891
-10.9694	-32.6509
-32.2157	-14.7678
-16.8619	-11.1656
-13.7808	-5.97579
-6.21377	-7.03422
-5.52448	-12.7919
-12.7718	-15.2999
-11.8395	-1.29771
-17.5466	-8.7289
-5.91624	-3.9236
-12.8554	0.353579
-8.89472	-5.67151
-0.901983	-13.583
-15.5394	-15.305
-15.5433	1.78238
3.14302	-13.488
-12.0007	-8.82602
-8.05583	-5.97889
-5.69726	-3.1205
-4.87389	2.29426
-0.963057	10.4667
3.07582	-16.7097
-13.7148	7.39971
1.18976	-7.10204
-0.187051	0.171119
7.83719	-1.02479
-6.81543	-1.86676
5.07963	-23.9002
-24.5349	-20.0096
-21.9301	1.8008
-0.491268	-11.4752
-21.3043	-18.7982
-24.3119	2.19307
-1.02918	-7.68151
-7.98453	1.12701
-1.61245	-0.0644817
1.93899	-1.70068
-11.001	-13.1032
-8.60384	-1.65644
-2.62302	-8.03345
-16.145	-4.18381
-7.46573	-7.43803
-10.5644	-12.8784
-13.6955	-5.0568
-8.50317	-9.75084
-10.2056	-19.3315
-19.4425	-37.1914
-34.8463	-14.3326
-8.95589	-9.28035
-8.3322	-10.4052
1.35375	-4.47954
-4.65404	5.12488
3.57546	-2.07155
-8.58339	-5.11934
-1.11291	-5.48298
1.2767	4.57336
-7.02205	-2.71758
-2.34402	-13.075
-11.1277	-1.2062
-0.256167	-3.68592
-3.3542	-25.831
-24.0208	-39.1679
-37.8134	-4.45141
-2.45841	-19.0616
-29.694	-21.4057
-10.9444	0.579428
-4.03678	-6.92884
-15.1504	-17.0747
-15.5373	-0.168448
6.02501	2.23927
5.93429	-1.07313
1.2377	-0.132962
-10.3402	-6.86468
-6.41374	-5.09188
9.36891	11.4327
4.27891	-21.3204
-21.2553	-39.0459
-42.6479	-7.44596
-9.40732	-12.5165
-25.2078	-17.014
-20.3324	-28.7203
-22.4305	1.62034
-2.1299	-21.5754
-20.4855	-4.17243
-7.43135	-7.20503
2.11126	-13.0633
-15.4776	-14.0375
-14.5096	-11.7175
-11.9924	-2.2228
-3.62529	-6.39822
-5.28612	-24.3375
-23.5395	-30.859
-29.1905	-3.44274
-6.41449	-35.0835
-38.756	-19.7605
-18.2427	-11.4991
-8.20316	-8.07025
-9.64613	-24.2738
-14.4754	5.85111
7.63878	-1.04722
3.385	-10.6895
-6.79666	-0.698382
14.9068	-2.33903
-8.7879	1.81957
2.97559	6.90068
3.78735	-21.44
-20.8204	-37.3983
-33.8207	-16.2509
-11.2193	-28.5487
-24.7049	-28.2937
-25.3942	-12.7214
-11.9462	10.3101
6.08364	-32.4076
-34.776	-5.4438
-10.3162	-8.05496
-5.39914	-4.04174
-6.53779	-5.26439
-3.93239	-20.1111
-10.7934	-1.83469
-3.52555	-1.23567
-2.6661	-11.7334
-10.1634	-22.6822
-19.313	-10.4311
-5.4127	-14.6416
-23.826	-18.1871
-21.2235	-10.6973
-10.709	-2.01764
-0.273999	-13.7848
-23.1978	-9.15331
-4.43132	-4.86285
-10.1284	4.3776
3.26829	-0.743532
2.10868	-13.3739
-15.1552	-14.4328
-11.2964	-5.79103
-0.285054	-21.7538
-22.6266	-15.4557
-20.6964	-17.695
-13.8653	-28.6402
-25.1709	-3.00786
-3.47822	-6.67678
-7.02108	-21.1834
-19.0602	-25.1724
-26.8666	-8.30011
-9.938	-15.9063
-25.4564	-3.85745
-1.23947	-4.68227
-5.18671	3.31457
-13.1604	-1.64208
-13.4849	-6.55572
-4.58134	-9.57351
-11.4119	-10.0557
-14.3579	3.48328
4.5873	-13.5365
-8.47252	-4.85736
-4.07761	-5.0811
-6.04643	-3.40285
-5.44617	-2.24007
11.2183	-1.26298
-5.64187	-11.2892
-31.5576	6.41857
0.310171	-19.0487
-11.5399	-13.4335
-20.2244	-2.20886
-6.73181	-8.08954
-5.59151	-14.6444
-14.128	-25.4456
-26.3402	-3.02546
-3.0618	-12.3999
-11.8169	-19.7424
-26.517	-11.1335
-5.18347	-11.1174
-5.654	-11.8298
-6.97907	-15.4841
-6.89862	-28.0471
-33.9126	-27.0339
-16.0478	-8.66887
-0.0798369	-5.51355
3.12177	-3.39011
-0.023175	3.22118
5.72667	-26.5168
-26.0813	-21.9669
-17.1337	1.02106
-0.780364	-8.29044
-13.0364	-2.42038
-19.8552	-23.6116
-22.3428	0.185036
4.68871	-5.67969
-4.32684	-6.17716
-1.44008	0.788716
-3.58277	-5.87065
1.10241	-0.578022
-4.33531	-3.8837
1.54462	5.02595
-4.15444	3.92698
1.66275	-1.84304
-4.32497	-9.61867
-5.63831	3.61711
2.82182	11.8397
23.2614	-9.17834
-7.56463	-19.129
-13.5569	-14.0368
-12.78	-27.7511
-28.3867	-26.7963
-23.833	-21.1452
-21.3913	-16.6338
-14.3187	-29.1812
-21.7405	-11.5399
-21.8982	-20.684
-4.502	-7.40941
-5.347	0.98663
-1.06343	4.1515
1.45761	15.6108
0.157345	9.94387
-0.197712	-20.264
-22.6231	-40.1413
-37.1542	-8.02664
-8.09319	-20.4522
-23.067	-17.4535
-19.5193	-1.51705
-3.80498	-10.1251
-16.567	-15.7415
-1.98937	0.275122
1.43346	1.19374
-10.3138	9.81505
3.78464	1.66897
-4.26551	5.63257
9.00751	3.65595
0.131084	6.89964
0.524842	-27.499
-14.7887	-21.5445
-26.2034	-17.9967
-18.0823	-40.0827
-38.369	-2.10214
-2.02362	-0.204463
-0.154343	-5.95965
-5.01436	-19.6738
-21.9521	-25.872
-24.525	-16.5687
-8.86183	6.64365
0.644868	-12.5939
-12.4269	10.3253
12.5226	4.07724
-1.05573	12.1519
14.8428	-23.8754
-22.9912	-17.5279
-15.8136	-4.71682
-11.5778	-15.8637
-13.2772	-9.55044
-8.25419	10.5081
7.32741	6.40098
5.61242	1.11817
0.711826	10.2473
4.21115	5.15479
-6.74219	2.77649
-2.07214	5.17201
5.31066	3.66272
-2.45567	0.261599
3.86457	-1.32864
-2.17704	-23.4184
-12.2995	-21.0319
-22.4845	-1.62301
-5.85824	-35.7724
-39.4008	-15.3598
-5.04269	-1.76987
-2.97488	-5.85719
-3.09989	-30.7749
-32.6993	4.89976
7.95712	-24.0633
-29.6514	-15.6397
-20.6524	-4.36418
3.60482	-9.81527
-8.1035	0.475146
-3.33389	-5.44225
-5.02545	-20.3636
-21.9774	-38.0961
-38.7107	-15.464
-14.7662	-18.3836
-20.897	-8.674
-8.32178	-12.7595
-3.86766	-2.44212
9.64444	-30.1945
-30.9024	-7.77203
-8.00515	-8.47156
-15.4607	-9.59586
-8.00409	0.00135645
2.02033	0.961343
0.512186	-1.63842
0.525383	3.77416
0.778251	-13.314
-16.0988	-28.8302
-22.8255	-7.76977
-4.75866	-16.323
-13.5983	-11.701
-0.903063	9.41047
6.02413	2.78942
-3.97895	-5.61518
-1.99139	3.93866
-1.2043	0.686264
-3.79503	-1.23875
4.15127	1.67913
1.8276	-2.27455
0.141481	5.0478
-8.11679	5.7165
1.71391	-12.5924
-18.1806	-37.0916
-38.3921	-12.7247
-16.5444	-13.46
-12.0361	-4.53851
-3.24082	-17.5719
-15.923	3.20179
-4.9285	-13.2573
-12.3096	-10.2764
-2.13141	-12.0342
-18.8097	-23.751
-16.0214	0.450783
-11.8856	-7.85007
-8.97715	1.65607
-2.7111	-2.52853
-2.74311	-15.0795
-17.3995	-34.6887
-34.887	-8.76552
-6.16399	-16.6054
-15.3416	-8.7461
-11.143	-10.479
-10.8146	-17.0032
-14.5777	-17.1138
-17.8259	10.5423
12.0442	-9.65696
-14.1864	-20.7225
-16.4293	-16.2841
-17.4611	-11.6113
-8.97552	-11.2209
-5.26452	-1.92174
0.0881553	-7.49403
-7.08416	-12.9838
-14.0639	-12.7092
-9.62624	-26.1959
-23.6538	-18.9025
-10.9184	-3.16703
-5.14379	-1.27153
-9.33667	-13.4921
-23.2209	-7.0304
-10.6954	-13.1737
-11.5834	-8.94578
-11.9727	-10.1416
-1.47909	-2.49189
-0.908091	5.63807
4.1081	4.80366
-0.140375	-35.0377
-34.7368	-16.2895
-15.0418	-15.0524
-14.0563	-12.9377
-6.20366	-4.49946
-6.04269	3.18008
13.7098	7.15696
2.33626	-7.01149
1.27438	-0.814965
5.64313	-5.91524
-10.8098	-3.48564
-4.7594	3.14993
5.67853	0.6669
-0.679466	-2.69655
-5.13093	-3.01969
-0.0196519	-24.026
-24.9694	-19.5122
-24.2445	-3.84475
-0.336459	-5.14358
-3.98047	-0.389722
3.1459	-10.4922
-3.53732	-4.38374
-1.01317	1.98416
-21.7526	-21.4658
-22.8891	2.83449
3.03282	-7.37564
-9.22214	-0.946667
5.29484	2.37097
1.03757	-0.261182
-0.1125	-4.43351
2.15213	-9.99067
-12.4272	-14.9871
4.1062	-3.3322
-4.26603	-0.430827
5.59467	-1.01997
12.8071	8.99991
-3.1358	5.23494
7.19356	-16.2064
-15.7026	-22.649
-23.8846	-14.2015
-12.7684	-27.639
-28.2691	-13.9309
-12.9949	-5.35265
-6.60101	6.74856
-4.69695	-37.4995
-31.5512	4.60952
7.94123	-7.05362
-8.32166	-14.4825
-18.8452	-7.68477
-7.86615	-13.6998
-9.95144	3.24268
0.904734	8.99142
15.4634	-13.1727
-10.9919	-20.0863
-19.8945	-10.9686
-8.5038	-32.1564
-30.5114	-26.2625
-27.0738	-17.971
-13.9959	-13.7705
-10.0262	-12.8621
-8.11771	-2.08021
-3.97187	-10.9688
-8.944	-1.44431
-5.61208	0.285014
6.26724	2.02109
-0.683162	7.38029
3.10053	9.05669
8.16239	-23.4706
-22.1632	-17.3453
-19.2093	1.49328
-15.3597	-17.9013
-26.558	-15.2721
-16.3357	-1.82344
-5.17111	-10.5643
-9.23143	-38.9837
-44.0645	1.19232
4.0849	-14.5966
-14.547	7.72186
8.4809	15.0151
16.5562	5.1634
8.53344	22.3154
14.6355	17.6833
16.3987	-15.5056
-20.2712	-24.9688
-15.7364	-19.1928
-21.9208	-19.0384
-24.6454	-25.4688
-45.6294	-15.2933
-7.51994	15.7546
13.5066	-18.1706
-17.2173	-10.7394
-4.69807	-15.3989
-17.8041	-5.88376
-5.46652	2.83108
-1.44992	-20.2382
-9.52313	-0.60232
-2.20894	-4.01588
6.02071	-21.8636
-12.0526	-20.9235
-21.9952	-14.2827
-10.0389	-38.1867
-27.8108	-22.647
-18.1662	0.885577
-5.54812	3.60463
15.7823	-29.6215
-30.3038	-11.6424
-11.2631	-12.8842
-6.25617	-8.65392
-11.9571	-1.55398
-3.17523	-8.8471
-4.48664	-2.94838
-0.511338	-12.4549
-8.24161	-11.7389
-15.1458	-22.6119
-22.3545	-20.0951
-22.2933	-21.8477
-20.5664	-26.8924
-20.7757	-17.2652
-14.0718	3.16427
6.59505	-19.5193
-22.8511	2.82461
2.21188	-22.578
-23.7424	-11.4542
-6.87888	-4.32281
-8.19937	-14.845
-13.1316	-3.72434
-7.94451	-7.72401
-5.18892	-27.5672
-27.3426	-23.4321
-23.3478	-18.122
-17.6499	-31.9312
-33.4798	-2.59322
0.491557	-2.6291
-0.394195	-3.14895
-6.10305	-21.5138
-19.9731	-14.0025
-9.83094	-16.4989
-20.333	5.54416
0.723237	-0.148543
-3.46729	18.8928
5.40291	6.32085
0.661202	4.60225
2.90568	-32.9026
-34.4884	-15.2171
-13.8519	-13.2761
-5.6427	-8.60414
-15.8562	-4.24767
-7.61611	-6.83349
-2.97778	-1.06323
11.3484	3.66078
-4.10967	-6.60191
-7.59849	-13.6215
-1.29745	6.77681
-6.4683	5.57219
5.90551	-4.07409
-5.35309	2.07077
4.70056	1.36621
3.58282	-23.2518
-19.4949	-34.6383
-28.595	-3.42284
-9.95158	-29.9938
-30.785	-4.5384
-8.78515	-17.4219
-18.1488	6.31924
1.40143	-28.7238
-26.6203	-10.8256
-11.204	-0.504233
-3.41287	-7.0539
-6.53356	-7.67995
-4.65022	-17.7095
-18.5615	-6.97757
-5.55402	-3.0043
-0.862165	-5.04496
-8.25011	-21.6253
-22.937	-27.1491
-20.3255	-24.9094
-32.4156	-0.363438
-7.50124	-21.3078
-19.9153	-1.88692
-6.22447	-11.9806
-18.2901	-17.6712
-10.4752	-9.51396
-12.3822	-17.8754
-19.8666	4.21225
-5.23517	-16.2149
-20.4781	-9.51317
-11.9858	-2.53572
-1.37414	-15.3505
-17.438	-35.2244
-35.7439	-13.0549
-13.3162	-11.1044
-11.0285	-9.88757
-8.94709	-12.9004
-18.0766	2.04301
5.09708	-29.8824
-34.1562	-7.28324
-8.94324	-2.86921
-5.70415	-12.5264
-9.28855	-3.53797
-4.2442	-13.8477
-10.4627	-10.9322
-9.22689	-9.88387
-8.19454	-15.2769
-18.5383	-15.3011
-13.6298	-7.2194
-13.2525	-12.0388
-19.5843	-9.43461
-12.8348	4.52899
10.3474	8.79098
5.09089	-4.21255
3.66754	-1.68111
-0.582697	-2.75733
-3.90932	-1.77093
10.3372	-3.49114
-8.17752	1.30079
-8.10888	0.144152
-2.57397	-1.27336
-10.0232	-18.0527
-15.6673	-24.8272
-25.0666	-25.879
-32.8711	-18.8656
-18.5732	-12.0272
-11.7017	-21.6384
-18.9444	6.37939
8.38971	-9.11673
-10.2027	-11.4978
-15.9539	-20.457
-14.4088	-14.4719
-5.63361	-1.14967
-6.31086	0.468492
-0.196129	1.10105
-3.12558	-4.53076
-5.41426	-8.53485
-7.42695	-16.9583
-14.9531	-3.6326
-7.05843	-15.7986
-16.3241	-13.0684
-13.6	-10.2371
-11.0542	-9.32629
-11.8046	-10.0724
-10.0891	-25.4298
-21.6077	-0.0436756
-2.72888	-16.1127
-18.8662	-11.615
-10.4281	-6.75059
-7.80508	-3.6972
-6.20466	-8.67989
-6.07396	-21.8942
-20.2788	-26.0931
-25.4198	-8.47297
-6.96122	-30.4628
-32.1684	-15.2017
-12.7526	-9.89938
-11.917	5.35348
-0.85605	-19.5981
-21.711	-9.13571
6.87791	-25.1774
-24.3101	-9.92003
-11.7632	-14.8
-19.8689	-1.72506
0.86038	-7.25293
-4.59345	0.934344
1.03587	-11.7331
-10.9402	-29.2063
-28.1892	-7.27897
-4.25324	-5.27596
-8.03797	-20.3918
-22.4469	-3.18945
-13.5164	-12.5094
-18.5334	-4.54041
-1.28941	-5.71262
-3.6549	-19.5134
-13.8005	-9.78719
3.17539	-3.76184
-7.49378	1.35048
-4.16189	1.36369
3.31555	4.52142
-3.57457	-23.6865
-21.5437	-21.8521
-22.4433	-0.418392
-34.1817	-15.785
-19.9453	-5.65029
-8.49452	-24.3104
-31.2527	-15.3686
-17.3793	-12.66
-12.4546	-16.0754
-16.2448	-33.744
-32.1435	12.6069
10.0287	-15.2831
-16.676	-15.5335
-9.33261	-1.42861
-5.25189	-19.1109
-14.6207	-9.68962
-3.94556	3.79013
0.603671	-27.2044
-30.9451	-17.6099
-18.5528	-4.34548
-8.3567	-7.48811
-10.8244	-5.86281
-5.42936	-1.01983
-3.98828	0.602206
-12.6453	-8.31868
-1.63109	7.23391
4.26692	-9.77477
-1.45897	-5.05531
-6.86907	-0.419587
-2.71436	-9.7713
-10.0794	-1.36915
-9.32599	0.521744
-6.23194	-13.6253
-12.3178	-22.9744
-37.0222	-12.1324
-8.41849	-23.5283
-28.4816	-13.6016
-15.085	-13.8435
-10.8305	-6.72346
-6.34513	-21.9558
-18.8725	-18.5389
-19.176	-4.24674
1.51	-20.8585
-16.4583	1.17241
-0.30567	-18.3071
-15.6165	-6.68202
-3.57703	3.62172
0.644202	-32.7476
-32.8087	-22.0552
-22.1555	-14.0966
-15.7285	-32.8346
-34.3475	-1.94062
-9.46492	-7.19929
-1.5951	-12.6242
-11.546	-19.5243
-22.494	-13.6978
-14.5829	2.74393
2.97012	11.8037
11.4466	-3.06155
-7.51473	-4.9659
-4.30143	7.02808
13.2623	6.20298
6.53226	-27.6633
-26.2304	-19.5405
-26.751	-19.3884
-20.9121	-40.7623
-33.9216	-24.7282
-13.0191	-3.45221
-6.76179	-10.7573
-4.27859	-34.1998
-33.7903	8.33395
6.64755	-15.2755
-11.8691	-6.87981
-8.95499	-7.41431
-6.96183	-11.3314
-5.38184	1.19446
-2.04341	6.4425
4.93513	-9.43176
-7.57394	-16.8372
-15.92	-14.4107
-8.54915	-24.5145
-14.1455	-9.39875
-2.68724	-6.59047
-5.00142	-11.1647
7.13679	-5.75467
-22.8714	-0.399817
-8.83608	-1.72779
4.78643	-16.7307
-16.7602	-9.97868
-8.15809	-12.5096
-15.1833	-3.13179
5.65236	1.19564
3.1826	-19.9191
-17.3555	-31.0232
-32.949	-17.5998
-17.2718	-26.9474
-30.2317	-18.3284
-10.7583	-15.76
-16.0625	-4.67478
-4.16376	-35.688
-34.9417	-6.84157
-4.89422	-11.9733
-14.7571	-13.733
-16.2372	-8.62502
-6.04674	-4.88296
-5.0327	-4.34116
-0.721296	-8.64168
-9.04383	-23.2842
-15.5695	-29.6468
-25.9243	-9.73173
-9.35073	-22.5815
-30.869	-10.3603
-6.80603	-6.4168
-6.92098	3.71742
6.00811	-14.2727
-12.6237	-2.31133
-13.1275	-27.8215
-24.2784	-9.44133
-11.4571	-8.82234
-10.7488	-3.79584
-3.68375	-5.60588
-3.42959	-6.6299
-6.91157	-14.3086
-11.9076	-12.3054
-11.999	-7.68397
-4.98083	-32.7075
-32.2724	-17.8978
-15.4119	-27.6324
-29.7678	15.2792
15.8167	-20.3039
-16.7384	-17.6825
-14.9639	-18.235
-17.3521	-13.5463
-12.0075	-2.30394
-6.52964	-13.1769
-14.007	-6.31915
-8.34543	-5.67282
-6.4228	-16.7942
-17.4239	-33.2675
-32.6505	-5.85245
-5.05188	-20.0461
-22.7303	-8.10943
-7.54473	-4.10452
-6.61383	-16.0325
-1.76282	-31.5779
-30.1076	-3.73547
-2.17498	-24.354
-30.4961	-8.85164
-3.85681	-1.94753
3.88316	1.63368
-10.4427	-8.26693
2.04346	4.36528
8.53783	-33.0723
-32.678	-18.6196
-22.0236	-12.9789
-14.2074	-10.1458
-13.8215	-1.58298
-1.5563	10.9851
2.92977	1.16167
4.06251	-3.93148
-2.54956	-1.51918
-0.177595	-17.3303
-18.7946	-13.6861
2.47247	5.18928
-0.898942	2.49028
-3.06647	-2.96199
5.66991	-2.5922
-2.39203	-23.4851
-24.0172	-22.3043
-25.6325	3.55011
-1.09283	-4.50738
-6.65545	-7.8235
-1.17796	-0.0208218
-1.29897	-6.14489
-1.6704	-9.41963
-2.40744	-1.21153
-21.2218	-24.3352
-22.8482	0.764577
-1.113	-6.73923
-10.3825	-6.91884
-5.56076	-2.18714
5.43499	-6.90454
-5.57376	-14.6459
-24.0126	-14.2855
-18.6993	-3.35713
-0.533093	-13.0612
-17.3816	-8.22565
-7.3232	-9.25684
-14.0273	-1.48663
-1.73002	-7.63178
-10.8441	-17.8131
-18.7702	-27.6699
-27.9523	-14.5763
-16.9374	-16.5735
-12.2616	-14.6971
-14.6971	-18.2825
-16.1598	-20.973
-18.5877	-33.5448
-36.634	2.18707
-1.44058	-12.7321
-13.4958	-9.28535
-14.3685	-4.73316
-8.75435	-15.6261
-17.7446	-12.5069
-7.525	-5.9878
-9.60207	-20.4938
-21.1961	-15.5628
-12.9377	-16.4582
-16.7644	-49.3998
-50.6221	-11.8641
-16.0728	-13.8188
-20.2391	-0.480789
9.15772	-10.7051
-13.8129	-2.16971
-1.46925	-16.2446
-17.1538	-10.779
-10.0369	-2.42086
4.08242	-3.30102
-0.877299	14.095
21.5421	35.592
26.3342	-14.2395
-12.4182	-17.9926
-18.1116	-20.2639
-18.8669	-36.0801
-33.6598	-32.0864
-32.61	-23.7236
-26.9052	-18.073
-17.6409	-22.1713
-25.1746	-10.3763
-0.235511	-7.61152
-10.3281	12.1377
13.346	3.83555
8.51733	23.2395
14.0293	9.49823
11.5701	16.403
17.3193	-12.1467
-16.8651	-25.5775
-27.8783	-11.242
-15.0208	-26.199
-21.6831	-13.479
-13.8152	-12.3702
-8.80372	-3.03939
-11.9059	-35.2585
-31.0989	1.28404
-1.1615	-30.3638
-30.3447	-7.32306
-10.6576	-12.9794
-6.19901	-3.78005
1.27949	2.68368
-5.87466	-5.38398
6.6569	-19.5821
-20.0997	-24.5246
-23.7421	-3.3603
4.1958	-7.93518
-13.8848	-2.86399
-2.56875	-8.17962
-19.6741	-4.8812
7.70321	-12.9987
-22.7748	-3.38434
-7.65234	-13.9909
-19.0697	-8.35915
-11.1674	-3.48506
-4.46902	-8.09772
-4.06485	-13.6334
-11.5065	-2.86251
1.76821	-8.82823
-9.69526	-10.6086
-9.91487	-5.7423
-3.84951	-19.0706
-11.0259	-17.1903
-9.71605	-8.85801
-9.91953	-2.93009
-4.41178	-6.70401
-19.2649	-2.57758
8.64073	-24.3648
-21.4305	2.0971
-5.12741	-2.2364
-3.28859	4.30797
7.94989	15.6576
14.0699	12.0906
11.1471	-12.5636
-11.4955	-24.3923
-25.1171	-14.8064
-11.3859	-30.2534
-28.611	-21.6048
-17.4956	-27.9331
-27.3519	-4.0973
-5.93219	-25.5989
-27.6721	-14.0484
-17.119	-18.0246
-7.42004	-10.5347
-11.7758	-11.5034
-4.68878	-12.6043
-12.1229	-5.93327
-6.31037	-4.29943
-2.17731	-17.5341
-17.5949	-21.0153
-19.0202	-1.00635
-5.48311	-10.0787
-11.341	-2.9977
-4.07277	5.80975
-5.06678	-5.69639
-1.72439	-11.4449
-11.8893	-6.98122
1.72563	3.19271
0.87791	2.42534
6.46435	5.30627
-2.69051	3.19774
4.28882	-0.912036
-1.08199	12.1175
7.68929	-15.2356
-18.475	3.60194
4.73343	-25.6811
-26.7456	-33.6309
-38.143	-16.3367
-12.1513	-18.1322
-16.1903	-2.48259
-4.39548	-20.6942
-25.2943	-8.39577
-11.1734	-25.4982
-7.47216	-4.71165
-2.87838	-10.694
-9.57236	-9.18779
1.49348	4.34495
-6.21635	0.233314
-3.01272	-6.92241
-12.0176	-11.4783
-9.36538	1.69859
5.97506	-14.5197
-28.7402	-32.3641
-25.107	-18.1824
-10.2481	5.05347
0.697541	-28.8719
-34.9695	-17.2281
-11.3964	-2.45998
-5.02363	-7.6939
-5.73448	-2.22167
5.70366	-12.1429
2.64056	10.7048
-0.801229	-1.3509
-9.10529	-16.5897
-9.8636	-33.6416
-23.7269	-3.97852
-6.25032	-24.3815
-30.7729	-18.2267
-15.6348	-13.2938
-17.4505	1.74658
5.98822	-25.5477
-26.2207	-14.1694
1.71976	-11.1233
-9.61995	5.49098
8.63138	-17.0174
-14.1544	-14.225
-14.9269	-28.9602
-28.13	-1.79761
0.36818	-29.2621
-28.0276	-11.9492
-8.97502	-17.7462
-16.4267	-37.0708
-42.4626	-13.1939
-10.8473	-25.0048
-18.4237	-11.8483
-13.1814	-14.7367
-10.4157	-25.4938
-23.1055	-19.4619
-8.03917	-15.0105
-8.76081	-16.9578
-13.8356	-2.2729
-2.36294	-9.87778
-15.6638	12.8951
9.16122	-16.945
-16.379	0.0367143
-4.28194	-17.961
-15.3728	-42.1839
-38.1993	-30.7197
-19.7617	-19.5304
-18.985	8.87633
6.12372	-15.601
-11.5437	-20.7215
-17.5773	-14.4677
-17.4085	-6.5284
-6.23729	-7.14703
-8.06746	-5.37308
-2.74844	-5.03896
-4.18273	-9.20297
-10.3871	-15.3712
-14.7726	-21.9588
-28.2188	-19.7057
-15.3256	-2.86652
0.741251	-11.9116
-13.0255	-15.0661
-15.348	-3.62686
-3.8969	-28.5387
-26.8926	-2.81684
-6.59477	-11.2953
-7.80696	-9.05382
-7.45594	-4.55749
-3.93863	-17.1192
-13.266	-10.7788
-11.3921	-14.358
-17.8993	-5.83966
-4.70466	-23.3543
-18.7398	-18.5622
-15.7523	-23.1993
-15.4933	-14.6238
-8.61879	-14.4114
-4.30317	-8.82969
-6.45844	-13.3179
-11.5957	-12.2514
-11.5629	-27.2938
-22.3841	-14.1702
-11.5437	-14.4218
-13.4842	-6.3156
1.21858	-7.26654
2.58506	-1.39889
-2.00263	-35.0993
-36.2715	-13.6089
-12.7054	-17.0401
-20.2822	-7.33207
-3.48084	-4.46239
-1.81152	16.4557
14.456	12.7167
4.96455	-13.8281
-18.872	1.77437
2.7791	-7.59733
-4.46954	0.313743
2.22065	0.664965
-0.287852	-4.8447
-0.390676	-2.72205
-5.86345	-0.0365004
-2.28207	-25.3921
-25.6736	-20.2334
-17.6558	0.62944
8.4844	-4.42653
-6.38105	1.10208
-6.21492	0.923291
0.428625	8.37471
3.14014	-0.482712
